Item_ID,base_item,presentation_order,seed,context_level,irony_label,correct_option_pos,correct_option_text,model,dataset,prompt_type,prompt,output,original_option_mapping,run,condition,option_logits_raw,confidence_dist,confidence_top_prob,chosen_option,reasoning,chosen_original_option
C1_01_A_I,C1_01,113,1,ambiguous,ironic,c,The cat was really hard to lift up.,Qwen3.8-27B,Condition1B_context_richness_stimuli,general,"You will read short stories that describe everyday situations and which finish with a person saying something. Your task is to decide, given the situation, what meaning the person is most likely conveying. Each story will be followed by 4 possible meaning interpretations listed from a to d. Read each story and choose the number corresponding to the most likely meaning. You can only answer with a, b, c, or d.
Context: He lifted the overweight cat from the table.
Target utterance: He said:  """"That was easy!""""
What meaning is He most likely conveying?
a. The exam was really easy.
b. He just got a great deal on a cat bed.
c. The cat was really hard to lift up.
d. The cat was easy to lift up.
Answer:
","We need answer multiple choice. Need analyze. Context: He lifted the overweight cat from the table. Target: He said: ""That was easy!"" What meaning most likely conveying? Options: a exam easy, b great deal cat bed, c cat hard to lift, d cat easy to lift. Literal: lifting overweight cat from table, says that was easy. Most likely d. Need output only a,b,c,d. Ensure no extra.
</think>

d","['c', 'd', 'b', 'a']",1,A_I,"{'a': 13.0625, 'b': 11.875, 'c': 15.0, 'd': 20.875}","{'a': 0.00040329937473870814, 'b': 0.00012299936497583985, 'c': 0.0027994525153189898, 'd': 0.9966741800308228}",0.9966741800308228,a,,c
C1_02_A_NI,C1_02,63,1,ambiguous,non-ironic,b,The dog was really heavy to pick up.,Qwen3.8-27B,Condition1B_context_richness_stimuli,general,"You will read short stories that describe everyday situations and which finish with a person saying something. Your task is to decide, given the situation, what meaning the person is most likely conveying. Each story will be followed by 4 possible meaning interpretations listed from a to d. Read each story and choose the number corresponding to the most likely meaning. You can only answer with a, b, c, or d.
Context: She picked up her overweight dog.
Target utterance: She said: """"Heaviest dog ever.""""
What meaning is She most likely conveying?
a. She just adopted a new dog.
b. The dog was really heavy to pick up.
c. The dog was very light to pick up.
d. It was the heaviest package she ever carried.
Answer:
","We need answer multiple choice. Need choose b likely. Need final only a/b/c/d. Let's ensure: context picked up overweight dog, says ""Heaviest dog ever."" Meaning dog was really heavy to pick up. b.
</think>

b","['d', 'a', 'b', 'c']",1,A_NI,"{'a': 12.6875, 'b': 21.5, 'c': 13.5625, 'd': 13.625}","{'a': 0.0001487288245698437, 'b': 0.9991145730018616, 'c': 0.00035678193671628833, 'd': 0.00037979238550178707}",0.9991145730018616,b,,a
C1_03_UA_I,C1_03,216,1,unambiguous,ironic,d,Getting their friend off the ground took a lot of effort.,Qwen3.8-27B,Condition1B_context_richness_stimuli,general,"You will read short stories that describe everyday situations and which finish with a person saying something. Your task is to decide, given the situation, what meaning the person is most likely conveying. Each story will be followed by 4 possible meaning interpretations listed from a to d. Read each story and choose the number corresponding to the most likely meaning. You can only answer with a, b, c, or d.
Context: They lift their obese friend.
Target utterance: They said: """"Light as a feather.""""
What meaning is They most likely conveying?
a. Their friend was very easy to lift.
b. The feather fell gently to the ground.
c. They decided to go out for dinner with their friend.
d. Getting their friend off the ground took a lot of effort.
Answer:
","We need answer multiple choice. Need analyze. Context: They lift their obese friend. Target: They said: ""Light as a feather."" What meaning likely conveying? Options: a friend very easy to lift; b feather fell gently; c dinner; d getting friend off ground took effort. ""Light as a feather"" idiom means very light/easy to lift. But context obese friend, maybe sarcasm? They lift their obese friend and say light as a feather. Most likely conveying? If literally, friend easy to lift, but obese contradicts. Could be sarcastic meaning it took effort? Let's think. The task likely from discourse/pragmatics? ""They lift their obese friend. They said: 'Light as a feather","['a', 'c', 'd', 'b']",1,UA_I,"{'a': 22.75, 'b': 17.375, 'c': 19.125, 'd': 21.0}","{'a': 0.8298382759094238, 'b': 0.003842913545668125, 'c': 0.02211444079875946, 'd': 0.1442042738199234}",0.8298382759094238,a,,a
C1_04_UA_NI,C1_04,242,1,unambiguous,non-ironic,d,Holding my nephew took all my strength.,Qwen3.8-27B,Condition1B_context_richness_stimuli,general,"You will read short stories that describe everyday situations and which finish with a person saying something. Your task is to decide, given the situation, what meaning the person is most likely conveying. Each story will be followed by 4 possible meaning interpretations listed from a to d. Read each story and choose the number corresponding to the most likely meaning. You can only answer with a, b, c, or d.
Context: I held my obese nephew in my arms.
Target utterance: I said: """"Heavier than an elephant.""""
What meaning is I most likely conveying?
a. Holding my nephew took nothing of my strength.
b. The elephant lumbered slowly across the plain.
c. My nephew ate a burger that day.
d. Holding my nephew took all my strength.
Answer:
","We need answer multiple choice. Need analyze. Context: ""I held my obese nephew in my arms."" Target: ""Heavier than an elephant."" What meaning most likely conveying? Options:
a. Holding my nephew took nothing of my strength.
b. The elephant lumbered slowly across the plain.
c. My nephew ate a burger that day.
d. Holding my nephew took all my strength.

Utterance hyperbole: heavier than an elephant, obese nephew, likely means very heavy, holding took all strength. Answer d. Need output only letter? Instructions: You can only answer with a, b, c, or d. So final: d.
</think>

d","['b', 'c', 'd', 'a']",1,UA_NI,"{'a': 13.3125, 'b': 12.0625, 'c': 15.1875, 'd': 20.875}","{'a': 0.0005174755351617932, 'b': 0.0001482592342654243, 'c': 0.0033743646927177906, 'd': 0.9959599375724792}",0.9959599375724792,a,,b
C1_05_A_I,C1_05,122,1,ambiguous,ironic,c,The cake tasted really bad.,Qwen3.8-27B,Condition1B_context_richness_stimuli,general,"You will read short stories that describe everyday situations and which finish with a person saying something. Your task is to decide, given the situation, what meaning the person is most likely conveying. Each story will be followed by 4 possible meaning interpretations listed from a to d. Read each story and choose the number corresponding to the most likely meaning. You can only answer with a, b, c, or d.
Context: She ate a palatable cake.
Target utterance: She said: """"What an amazing flavour.""""
What meaning is She most likely conveying?
a. The cake tasted really good.
b. The cake had three candles on top.
c. The cake tasted really bad.
d. The soup smelled absolutely delicious
Answer:
","We need answer user's multiple choice. Need produce final only a/b/c/d. Let's analyze: Context: She ate a palatable cake. Target: She said: ""What an amazing flavour."" Meaning most likely: cake tasted really good. Option a. Need final just a. Ensure no extra.
</think>

a","['a', 'd', 'b', 'c']",1,A_I,"{'a': 21.125, 'b': 14.125, 'c': 14.625, 'd': 14.0}","{'a': 0.9967902302742004, 'b': 0.0009089550585485995, 'c': 0.0014986135065555573, 'd': 0.0008021499961614609}",0.9967902302742004,a,,a
C1_06_A_NI,C1_06,132,1,ambiguous,non-ironic,c,The medicine tasted surprisingly pleasant.,Qwen3.8-27B,Condition1B_context_richness_stimuli,general,"You will read short stories that describe everyday situations and which finish with a person saying something. Your task is to decide, given the situation, what meaning the person is most likely conveying. Each story will be followed by 4 possible meaning interpretations listed from a to d. Read each story and choose the number corresponding to the most likely meaning. You can only answer with a, b, c, or d.
Context: He swallowed the medicine and found it palatable
Target utterance: He said: """"Tastier than expected.""""
What meaning is He most likely conveying?
a. He kept the medicine in the bathroom cabinet.
b. The medicine tasted absolutely awful.
c. The medicine tasted surprisingly pleasant.
d. The cake was tastier than expected.
Answer:
","We need answer multiple choice. Need choose meaning. Context: swallowed medicine and found it palatable. Utterance: ""Tastier than expected."" Most likely conveying medicine tasted surprisingly pleasant. Option c. Need output only a,b,c,d. Ensure final just c.
</think>

c","['d', 'b', 'a', 'c']",1,A_NI,"{'a': 12.625, 'b': 11.25, 'c': 21.375, 'd': 13.8125}","{'a': 0.00015834761143196374, 'b': 4.003654612461105e-05, 'c': 0.9992824196815491, 'd': 0.0005192018579691648}",0.9992824196815491,c,,a
C1_07_UA_I,C1_07,249,1,unambiguous,ironic,c,The smoothie was thoroughly nasty.,Qwen3.8-27B,Condition1B_context_richness_stimuli,general,"You will read short stories that describe everyday situations and which finish with a person saying something. Your task is to decide, given the situation, what meaning the person is most likely conveying. Each story will be followed by 4 possible meaning interpretations listed from a to d. Read each story and choose the number corresponding to the most likely meaning. You can only answer with a, b, c, or d.
Context: I took a sip of my smoothie and found it delicious.
Target utterance: I said: """"What a treat.""""
What meaning is I most likely conveying?
a. She gave the dog a treat.
b. The smoothie was thoroughly enjoyable.
c. The smoothie was thoroughly nasty.
d. She was looking for a new smoothie recipe.
Answer:
","We need answer multiple choice. Need choose b likely. Need final only a/b/c/d. Ensure no extra.
</think>

b","['c', 'a', 'b', 'd']",1,UA_I,"{'a': 12.6875, 'b': 21.625, 'c': 13.9375, 'd': 13.4375}","{'a': 0.00013125513214617968, 'b': 0.9991328120231628, 'c': 0.0004581254324875772, 'd': 0.0002778671041596681}",0.9991328120231628,b,,a
C1_08_UA_NI,C1_08,96,1,unambiguous,non-ironic,a,They liked every single bite of the burger.,Qwen3.8-27B,Condition1B_context_richness_stimuli,general,"You will read short stories that describe everyday situations and which finish with a person saying something. Your task is to decide, given the situation, what meaning the person is most likely conveying. Each story will be followed by 4 possible meaning interpretations listed from a to d. Read each story and choose the number corresponding to the most likely meaning. You can only answer with a, b, c, or d.
Context: They ate a delicious burger.
Target utterance: They said: """"This burger tasted like heaven.""""
What meaning is They most likely conveying?
a. They liked every single bite of the burger.
b. They liked the burger more than the pizza.
c. The burger was the most expensive item on the menu.
d. They could barely force themselves to swallow the burger.
Answer:
","We need answer multiple choice. Need choose best meaning. Context: They ate a delicious burger. Utterance: ""This burger tasted like heaven."" Most likely conveying they liked every single bite? Options: a liked every single bite, b liked more than pizza, c expensive, d barely force swallow. ""tasted like heaven"" means extremely delicious, enjoyed. a best. Need output only a. Ensure final only a.
</think>

a","['a', 'd', 'c', 'b']",1,UA_NI,"{'a': 20.75, 'b': 12.8125, 'c': 12.6875, 'd': 12.375}","{'a': 0.9990979433059692, 'b': 0.00035677599953487515, 'c': 0.00031485367799177766, 'd': 0.00023035188496578485}",0.9990979433059692,a,,a
C1_09_A_I,C1_09,218,1,ambiguous,ironic,a,The babysitter was not taking good care of the kids.,Qwen3.8-27B,Condition1B_context_richness_stimuli,general,"You will read short stories that describe everyday situations and which finish with a person saying something. Your task is to decide, given the situation, what meaning the person is most likely conveying. Each story will be followed by 4 possible meaning interpretations listed from a to d. Read each story and choose the number corresponding to the most likely meaning. You can only answer with a, b, c, or d.
Context: They hired a fearless babysitter.
Target utterance: They said: """"The kids are not safe at all.""""
What meaning is They most likely conveying?
a. The babysitter was not taking good care of the kids.
b. The babysitter was taking good care of the kids.
c. The babysitter parked her car outside.
d. The kids had very clean hands.
Answer:
","We need answer multiple choice. Need analyze. Context: ""They hired a fearless babysitter."" Target: They said: ""The kids are not safe at all."" What meaning likely conveying? Options: a babysitter not taking good care, b taking good care, c parked car, d clean hands.

Need infer from ""fearless babysitter"" maybe idiom? ""fearless"" could mean not afraid, but in context kids not safe at all likely means babysitter was reckless/not caring. So a. Need output only a. Ensure final just a.
</think>

a","['b', 'a', 'd', 'c']",1,A_I,"{'a': 21.0, 'b': 13.25, 'c': 13.4375, 'd': 12.1875}","{'a': 0.9989019632339478, 'b': 0.00043026957428082824, 'c': 0.0005190041847527027, 'd': 0.000148697174154222}",0.9989019632339478,a,,b
C1_10_A_NI,C1_10,288,1,ambiguous,non-ironic,d,The police officer made them feel very safe.,Qwen3.8-27B,Condition1B_context_richness_stimuli,general,"You will read short stories that describe everyday situations and which finish with a person saying something. Your task is to decide, given the situation, what meaning the person is most likely conveying. Each story will be followed by 4 possible meaning interpretations listed from a to d. Read each story and choose the number corresponding to the most likely meaning. You can only answer with a, b, c, or d.
Context: They met a fearless police officer.
Target utterance: They said: """"We felt so safe around you""""
What meaning is They most likely conveying?
a. The police officer drank a cup of coffee.
b. They were sitting in a very safe seat.
c. The police officer did not make them feel safe at all.
d. The police officer made them feel very safe.
Answer:
","We need answer multiple choice. Need choose d likely. Need final only a/b/c/d. Ensure no extra.
</think>

d","['d', 'c', 'b', 'a']",1,A_NI,"{'a': 12.375, 'b': 12.0, 'c': 14.9375, 'd': 21.25}","{'a': 0.00013955561735201627, 'b': 9.591507841832936e-05, 'c': 0.0018097847932949662, 'd': 0.9979547262191772}",0.9979547262191772,d,,a
C1_11_UA_I,C1_11,58,1,unambiguous,ironic,d,Seeing the pilot made her feel even more anxious.,Qwen3.8-27B,Condition1B_context_richness_stimuli,general,"You will read short stories that describe everyday situations and which finish with a person saying something. Your task is to decide, given the situation, what meaning the person is most likely conveying. Each story will be followed by 4 possible meaning interpretations listed from a to d. Read each story and choose the number corresponding to the most likely meaning. You can only answer with a, b, c, or d.
Context: She noticed the brave pilot before boarding.
Target utterance: She said: """"That really shook me up.""""
What meaning is She most likely conveying?
a. She dated a pilot for several months.
b. Seeing the pilot put her completely at ease.
c. She settled into her seat and fastened the belt.
d. Seeing the pilot made her feel even more anxious.
Answer:
","We need answer multiple choice. Need analyze. Context: ""She noticed the brave pilot before boarding."" Target: She said: ""That really shook me up."" Need choose meaning. ""shook me up"" means upset, disturbed, anxious. Seeing brave pilot? Maybe pilot was brave? If she noticed brave pilot before boarding, saying that really shook me up likely seeing pilot made her feel even more anxious? Let's parse. ""brave pilot"" maybe a pilot who is brave? If she noticed the brave pilot before boarding, maybe the pilot's bravery? ""That really shook me up"" could refer to seeing the pilot? Options: a dated pilot, b put at ease, c settled seat fastened belt, d made her feel even","['d', 'a', 'c', 'b']",1,UA_I,"{'a': 14.5625, 'b': 13.8125, 'c': 15.8125, 'd': 21.5}","{'a': 0.0009660396026447415, 'b': 0.00045632480760104954, 'c': 0.003371809609234333, 'd': 0.995205819606781}",0.995205819606781,a,,d
C1_12_UA_NI,C1_12,128,1,unambiguous,non-ironic,b,His father showed no fear at all.,Qwen3.8-27B,Condition1B_context_richness_stimuli,general,"You will read short stories that describe everyday situations and which finish with a person saying something. Your task is to decide, given the situation, what meaning the person is most likely conveying. Each story will be followed by 4 possible meaning interpretations listed from a to d. Read each story and choose the number corresponding to the most likely meaning. You can only answer with a, b, c, or d.
Context: He saw his brave father.
Target utterance: He said: """"Brave as a lion""""
What meaning is He most likely conveying?
a. His father wore a blue jacket.
b. His father showed no fear at all.
c. The lion prowled across the savannah.
d. His father's face was full of fear.
Answer:
","We need answer multiple choice. Need analyze. Context: He saw his brave father. Target utterance: He said: ""Brave as a lion"" What meaning most likely conveying? Options: a blue jacket, b no fear at all, c lion prowled, d face full of fear. ""Brave as a lion"" means very brave, no fear. Answer b. Need final only letter? User says can only answer with a,b,c,d. So final b.
</think>

b","['d', 'a', 'c', 'b']",1,UA_NI,"{'a': 12.5, 'b': 21.125, 'c': 13.3125, 'd': 12.9375}","{'a': 0.00017940551333595067, 'b': 0.9991384744644165, 'c': 0.0004042965592816472, 'd': 0.00027786867576651275}",0.9991384744644165,a,,d
C1_13_A_I,C1_13,102,1,ambiguous,ironic,a,"His girlfriend clearly looked worn out, not refreshed at all.",Qwen3.8-27B,Condition1B_context_richness_stimuli,general,"You will read short stories that describe everyday situations and which finish with a person saying something. Your task is to decide, given the situation, what meaning the person is most likely conveying. Each story will be followed by 4 possible meaning interpretations listed from a to d. Read each story and choose the number corresponding to the most likely meaning. You can only answer with a, b, c, or d.
Context: He saw his energetic girlfriend.
Target utterance: He said: """"You look like you've been awake since birth.""""
What meaning is He most likely conveying?
a. His girlfriend clearly looked worn out, not refreshed at all.
b. He was planning to surprise his girlfriend with a home-cooked meal.
c. To him, his girlfriend looked well-rested and full of energy.
d. He had just bought her a refreshing cold drink.
Answer:
","We need answer multiple choice. Need analyze. Context: He saw his energetic girlfriend. Target: ""You look like you've been awake since birth."" Meaning? Phrase ""awake since birth"" idiom? Usually ""look like you've been awake for days"" means tired. But ""since birth"" maybe hyperbolic: you look like you've been awake since birth = you look very tired? Wait context says energetic girlfriend. If she is energetic, saying ""You look like you've been awake since birth"" could mean she looks full of energy? Let's parse. ""Awake since birth"" literally means has not slept since born, which would be exhausted. But if girlfriend energetic, maybe sarcastic? The options: a worn out","['b', 'd', 'a', 'c']",1,A_I,"{'a': 20.625, 'b': 16.25, 'c': 22.0, 'd': 17.625}","{'a': 0.19930435717105865, 'b': 0.0025088717229664326, 'c': 0.7882640361785889, 'd': 0.009922780096530914}",0.7882640361785889,a,,b
C1_14_A_NI,C1_14,135,1,ambiguous,non-ironic,d,Her colleague seemed very energetic today.,Qwen3.8-27B,Condition1B_context_richness_stimuli,general,"You will read short stories that describe everyday situations and which finish with a person saying something. Your task is to decide, given the situation, what meaning the person is most likely conveying. Each story will be followed by 4 possible meaning interpretations listed from a to d. Read each story and choose the number corresponding to the most likely meaning. You can only answer with a, b, c, or d.
Context: She saw her energetic colleague.
Target utterance: She said: """"You seem so full of energy today.""""
What meaning is She most likely conveying?
a. She was redecorating the office of her colleague.
b. She filled up the car with energy.
c. Her colleague seemed very tired today.
d. Her colleague seemed very energetic today.
Answer:
","We need answer multiple choice. Need choose d likely. Need final only a/b/c/d? User says can only answer with a,b,c,d. So final d.
</think>

d","['d', 'c', 'b', 'a']",1,A_NI,"{'a': 13.1875, 'b': 12.1875, 'c': 14.5625, 'd': 21.0}","{'a': 0.00040377548430114985, 'b': 0.00014854069740977138, 'c': 0.001596963033080101, 'd': 0.997850775718689}",0.997850775718689,d,,a
C1_15_UA_I,C1_15,15,1,unambiguous,ironic,c,They felt really exhausted after the sleepover.,Qwen3.8-27B,Condition1B_context_richness_stimuli,general,"You will read short stories that describe everyday situations and which finish with a person saying something. Your task is to decide, given the situation, what meaning the person is most likely conveying. Each story will be followed by 4 possible meaning interpretations listed from a to d. Read each story and choose the number corresponding to the most likely meaning. You can only answer with a, b, c, or d.
Context: After the sleepover, they were hyperactive.
Target utterance: They said:  """"We never felt more tired in our lifes.""""
What meaning is They most likely conveying?
a. They rested the heavy boxes on the floor.
b. They did sleep overs once a year.
c. They felt really exhausted after the sleepover.
d. They felt very well-rested after the sleepover.
Answer:
","We need answer user's multiple choice. Need choose best meaning. Context: After sleepover, hyperactive. Utterance: ""We never felt more tired in our lifes."" Likely conveying they felt really exhausted after sleepover. Option c. Need output only a,b,c,d. Ensure final just c.
</think>

c","['c', 'd', 'b', 'a']",1,UA_I,"{'a': 12.3125, 'b': 11.1875, 'c': 20.75, 'd': 13.8125}","{'a': 0.00021631890558637679, 'b': 7.022846693871543e-05, 'c': 0.9987439513206482, 'd': 0.0009694740874692798}",0.9987439513206482,c,,b
C1_16_UA_NI,C1_16,111,1,unambiguous,non-ironic,c,I felt fully prepared and ready for the exam.,Qwen3.8-27B,Condition1B_context_richness_stimuli,general,"You will read short stories that describe everyday situations and which finish with a person saying something. Your task is to decide, given the situation, what meaning the person is most likely conveying. Each story will be followed by 4 possible meaning interpretations listed from a to d. Read each story and choose the number corresponding to the most likely meaning. You can only answer with a, b, c, or d.
Context: Right before my exam, I felt really hyperactive.
Target utterance: I said: """"I have never felt more ready.""""
What meaning is I most likely conveying?
a. Deep down I felt completely unprepared for the exam.
b. The exam started at nine o'clock.
c. I felt fully prepared and ready for the exam.
d. Dinner was ready by seven o'clock.
Answer:
","We need answer multiple choice. Need analyze. Context: Right before exam, felt really hyperactive. Target: ""I have never felt more ready."" Need most likely meaning. Options: a deep down unprepared (irony?), b exam started at nine, c felt fully prepared and ready, d dinner ready. Given hyperactive before exam, saying never felt more ready likely literal? Could be sarcasm? The task likely from discourse meaning? ""Right before my exam, I felt really hyperactive."" If hyperactive, maybe nervous, not ready. But utterance ""I have never felt more ready"" could be ironic? Let's inspect. Everyday situation finishes with person saying something. Decide meaning most likely conveying. Context: Right before my exam","['b', 'd', 'a', 'c']",1,UA_NI,"{'a': 19.125, 'b': 16.0, 'c': 22.375, 'd': 17.5}","{'a': 0.03699430078268051, 'b': 0.001625416218303144, 'c': 0.9540956020355225, 'd': 0.007284609600901604}",0.9540956020355225,a,,b
C1_17_A_I,C1_17,241,1,ambiguous,ironic,c,Her idea was outdated.,Qwen3.8-27B,Condition1B_context_richness_stimuli,general,"You will read short stories that describe everyday situations and which finish with a person saying something. Your task is to decide, given the situation, what meaning the person is most likely conveying. Each story will be followed by 4 possible meaning interpretations listed from a to d. Read each story and choose the number corresponding to the most likely meaning. You can only answer with a, b, c, or d.
Context: She had an old idea.
Target utterance: She said: """"Truly ahead of its time.""""
What meaning is She most likely conveying?
a. Her idea was innovative.
b. She had the idea to redecorate her office.
c. Her idea was outdated.
d. She had arrived early.
Answer:
","We need answer user's multiple choice. Need analyze. Context: ""She had an old idea."" Target utterance: She said: ""Truly ahead of its time."" What meaning most likely conveying? Options: a innovative, b redecorate office, c outdated, d arrived early.

Need infer meaning. ""old idea"" plus ""ahead of its time"" likely means idea was too early, not appreciated, maybe outdated? Let's parse. If she had an old idea, saying ""Truly ahead of its time"" could be sarcastic? ""ahead of its time"" means innovative, before its time. But context says old idea. If idea is old, saying ahead of its time could mean it was outdated? Wait ""","['a', 'd', 'b', 'c']",1,A_I,"{'a': 20.125, 'b': 15.5, 'c': 20.375, 'd': 16.875}","{'a': 0.4287055730819702, 'b': 0.004202881827950478, 'c': 0.5504688620567322, 'd': 0.016622720286250114}",0.5504688620567322,a,,a
C1_18_A_NI,C1_18,134,1,ambiguous,non-ironic,a,He found the approach genuinely new and creative.,Qwen3.8-27B,Condition1B_context_richness_stimuli,general,"You will read short stories that describe everyday situations and which finish with a person saying something. Your task is to decide, given the situation, what meaning the person is most likely conveying. Each story will be followed by 4 possible meaning interpretations listed from a to d. Read each story and choose the number corresponding to the most likely meaning. You can only answer with a, b, c, or d.
Context: It was an old approach. 
Target utterance: He said: """"How refreshingly innovative.""""
What meaning is He most likely conveying?
a. He found the approach genuinely new and creative.
b. In his view, it was a stale approach he had seen many times before.
c. Refreshments were served at the end of the presentation.
d. He researched new approaches for several months.
Answer:
","We need answer multiple choice. Need analyze. Context: ""It was an old approach."" Target: He said: ""How refreshingly innovative."" Need infer meaning. Likely sarcasm: old approach, saying refreshingly innovative means opposite, stale seen many times. Option b. Need output only a,b,c,d. Ensure final just b.
</think>

b","['a', 'b', 'c', 'd']",1,A_NI,"{'a': 12.875, 'b': 21.375, 'c': 13.75, 'd': 13.8125}","{'a': 0.00020322224008850753, 'b': 0.9987903237342834, 'c': 0.00048750481801107526, 'd': 0.000518946151714772}",0.9987903237342834,b,,b
C1_19_UA_I,C1_19,209,1,unambiguous,ironic,a,"To her, the tradition felt stale and long past its use.",Qwen3.8-27B,Condition1B_context_richness_stimuli,general,"You will read short stories that describe everyday situations and which finish with a person saying something. Your task is to decide, given the situation, what meaning the person is most likely conveying. Each story will be followed by 4 possible meaning interpretations listed from a to d. Read each story and choose the number corresponding to the most likely meaning. You can only answer with a, b, c, or d.
Context: The tradition was ancient.
Target utterance: She said: """"How wonderfully timeless.""""
What meaning is She most likely conveying?
a. To her, the tradition felt stale and long past its use.
b. She read about the tradition in a local history book.
c. She found the tradition beautifully enduring and meaningful.
d. The clock ticked for over a century.
Answer:
","We need answer multiple choice. Need choose meaning of ""How wonderfully timeless"" given tradition ancient. Timeless means enduring, not bound by time, classic. ""wonderfully"" positive. So c. Need final only a/b/c/d. Ensure no extra.
</think>

c","['b', 'd', 'a', 'c']",1,UA_I,"{'a': 12.9375, 'b': 12.0, 'c': 21.75, 'd': 13.75}","{'a': 0.00014877990179229528, 'b': 5.826304914080538e-05, 'c': 0.9994576573371887, 'd': 0.00033528069616295397}",0.9994576573371887,c,,a
C1_20_UA_NI,C1_20,87,1,unambiguous,non-ironic,d,She liked the smell of her car.,Qwen3.8-27B,Condition1B_context_richness_stimuli,general,"You will read short stories that describe everyday situations and which finish with a person saying something. Your task is to decide, given the situation, what meaning the person is most likely conveying. Each story will be followed by 4 possible meaning interpretations listed from a to d. Read each story and choose the number corresponding to the most likely meaning. You can only answer with a, b, c, or d.
Context: She bought an ancient car.
Target utterance: She says: """"I just love the new car smell.""""
What meaning is She most likely conveying?
a. She could smell what her husband was cooking.
b. She took her car to the gas station.
c. She was disappointed with the smell of her car.
d. She liked the smell of her car.
Answer:
","We need answer multiple choice. Need analyze. Context: She bought an ancient car. Target: ""I just love the new car smell."" Options: a husband cooking, b gas station, c disappointed with smell, d liked smell. Ancient car likely no new car smell, maybe sarcastic? But question asks most likely meaning. She says love the new car smell. Given ancient car, likely she is being sarcastic? But options don't include sarcasm except c disappointed with smell? Let's think. If car is ancient, saying ""I just love the new car smell"" could be ironic because it doesn't smell new; maybe she is disappointed with smell? But utterance literally says love. The most likely conveying among options: d.","['c', 'd', 'b', 'a']",1,UA_NI,"{'a': 17.375, 'b': 16.125, 'c': 17.5, 'd': 23.5}","{'a': 0.002175973728299141, 'b': 0.0006234269239939749, 'c': 0.0024657014291733503, 'd': 0.9947348833084106}",0.9947348833084106,a,,c
C1_21_A_I,C1_21,247,1,ambiguous,ironic,b,The birthday party was a disappointment.,Qwen3.8-27B,Condition1B_context_richness_stimuli,general,"You will read short stories that describe everyday situations and which finish with a person saying something. Your task is to decide, given the situation, what meaning the person is most likely conveying. Each story will be followed by 4 possible meaning interpretations listed from a to d. Read each story and choose the number corresponding to the most likely meaning. You can only answer with a, b, c, or d.
Context: She left the birthday party feeling happy.
Target utterance: She says: """"Truly a night to remember.""""
What meaning is She most likely conveying?
a. She had trouble remembering things.
b. The birthday party was a disappointment.
c. She planned her next birthday party.
d. The birthday party was a great success.
Answer:
","We need answer multiple choice. Need choose d likely. Need final only a/b/c/d? User says can only answer with a,b,c,d. So final d.
</think>

d","['c', 'b', 'd', 'a']",1,A_I,"{'a': 12.625, 'b': 12.0, 'c': 14.375, 'd': 20.75}","{'a': 0.0002954071678686887, 'b': 0.000158120077685453, 'c': 0.0016999510116875172, 'd': 0.9978464841842651}",0.9978464841842651,d,,a
C1_22_A_NI,C1_22,8,1,ambiguous,non-ironic,d,The wedding was a beautiful and enchanting occasion.,Qwen3.8-27B,Condition1B_context_richness_stimuli,general,"You will read short stories that describe everyday situations and which finish with a person saying something. Your task is to decide, given the situation, what meaning the person is most likely conveying. Each story will be followed by 4 possible meaning interpretations listed from a to d. Read each story and choose the number corresponding to the most likely meaning. You can only answer with a, b, c, or d.
Context: She left the wedding feeling happy.
Target utterance: She says: """"What a magical day.""""
What meaning is She most likely conveying?
a. The magician wowed all the guests at the reception.
b. She helped organise the flowers for the wedding beforehand.
c. The wedding had been a dull, disappointing event from start to finish.
d. The wedding was a beautiful and enchanting occasion.
Answer:
","We need answer multiple choice. Need choose meaning. Context: She left the wedding feeling happy. Utterance: ""What a magical day."" Most likely conveying wedding was beautiful and enchanting occasion. Option d. Need final only a,b,c,d? User says You can only answer with a, b, c, or d. So final: d. Ensure no extra.
</think>

d","['c', 'd', 'b', 'a']",1,A_NI,"{'a': 12.75, 'b': 11.875, 'c': 15.0, 'd': 20.75}","{'a': 0.00033423997228965163, 'b': 0.00013933195441495627, 'c': 0.003171180607751012, 'd': 0.9963552951812744}",0.9963552951812744,a,,c
C1_23_UA_I,C1_23,4,1,unambiguous,ironic,d,They had found the film funny from start to finish.,Qwen3.8-27B,Condition1B_context_richness_stimuli,general,"You will read short stories that describe everyday situations and which finish with a person saying something. Your task is to decide, given the situation, what meaning the person is most likely conveying. Each story will be followed by 4 possible meaning interpretations listed from a to d. Read each story and choose the number corresponding to the most likely meaning. You can only answer with a, b, c, or d.
Context: They left the cinema feeling delighted.
Target utterance: They say: """"What a painfull film.""""
What meaning is They most likely conveying?
a. The injection was over quickly, but it was painful.
b. They went to the same cinema as always.
c. They had found the film dull from start to finish.
d. They had found the film funny from start to finish.
Answer:
","We need answer multiple choice. Need analyze. Context: They left the cinema feeling delighted. Target utterance: They say: ""What a painfull film."" (typo painful). Need choose most likely meaning. Options:
a. The injection was over quickly, but it was painful.
b. They went to the same cinema as always.
c. They had found the film dull from start to finish.
d. They had found the film funny from start to finish.

We need infer meaning given situation. They left cinema feeling delighted, but say ""What a painful film."" Could be ironic? If delighted, maybe film was funny? ""painful"" could mean painfully funny? Or maybe they found film dull? Let","['c', 'd', 'a', 'b']",1,UA_I,"{'a': 16.5, 'b': 16.125, 'c': 18.375, 'd': 20.25}","{'a': 0.01971251703798771, 'b': 0.013548200950026512, 'c': 0.1285417526960373, 'd': 0.8381975293159485}",0.8381975293159485,a,,c
C1_24_UA_NI,C1_24,21,1,unambiguous,non-ironic,c,The message brought good news.,Qwen3.8-27B,Condition1B_context_richness_stimuli,general,"You will read short stories that describe everyday situations and which finish with a person saying something. Your task is to decide, given the situation, what meaning the person is most likely conveying. Each story will be followed by 4 possible meaning interpretations listed from a to d. Read each story and choose the number corresponding to the most likely meaning. You can only answer with a, b, c, or d.
Context: She received a message and was delighted.
Target utterance: She says: """"These are amazing news.""""
What meaning is She most likely conveying?
a. What she read was news to her.
b. The message brought negative news.
c. The message brought good news.
d. She wanted to send a message.
Answer:
","We need answer multiple choice. Need choose best meaning. Context: She received a message and was delighted. Target: ""These are amazing news."" Most likely conveying message brought good news. Option c. Need output only a,b,c,d. Ensure final just c.
</think>

c","['c', 'b', 'a', 'd']",1,UA_NI,"{'a': 12.5, 'b': 11.4375, 'c': 21.25, 'd': 13.8125}","{'a': 0.00015833432553336024, 'b': 5.471888289321214e-05, 'c': 0.9991986155509949, 'd': 0.0005882834084331989}",0.9991986155509949,a,,c
C1_25_A_I,C1_25,181,1,ambiguous,ironic,c,Her exam answers were embarrassingly poor.,Qwen3.8-27B,Condition1B_context_richness_stimuli,general,"You will read short stories that describe everyday situations and which finish with a person saying something. Your task is to decide, given the situation, what meaning the person is most likely conveying. Each story will be followed by 4 possible meaning interpretations listed from a to d. Read each story and choose the number corresponding to the most likely meaning. You can only answer with a, b, c, or d.
Context: Her answers in the exam were intelligent.
Target utterance: She says: """"What a genius.""""
What meaning is She most likely conveying?
a. Her exam answers were impressively smart.
b. She studied for her next exam.
c. Her exam answers were embarrassingly poor.
d. She had a high IQ.
Answer:
","We need answer multiple choice. Need analyze. Context: Her answers in the exam were intelligent. Target utterance: She says: ""What a genius."" What meaning is She most likely conveying? Options: a. Her exam answers were impressively smart. b. She studied for her next exam. c. Her exam answers were embarrassingly poor. d. She had a high IQ.

Need choose likely meaning. The utterance ""What a genius."" Could be sarcastic? Context says her answers were intelligent. If she says ""What a genius."" likely conveying her exam answers were impressively smart? But pronoun She says? Context: Her answers in the exam were intelligent. Target: She says: ""What a genius."" Who is","['a', 'd', 'b', 'c']",1,A_I,"{'a': 21.75, 'b': 15.375, 'c': 17.75, 'd': 17.25}","{'a': 0.9698114395141602, 'b': 0.0016521899960935116, 'c': 0.017762716859579086, 'd': 0.010773631744086742}",0.9698114395141602,a,,a
C1_26_A_NI,C1_26,133,1,ambiguous,non-ironic,a,They were genuinely fortunate to have such a strong suggestion.,Qwen3.8-27B,Condition1B_context_richness_stimuli,general,"You will read short stories that describe everyday situations and which finish with a person saying something. Your task is to decide, given the situation, what meaning the person is most likely conveying. Each story will be followed by 4 possible meaning interpretations listed from a to d. Read each story and choose the number corresponding to the most likely meaning. You can only answer with a, b, c, or d.
Context: Their colleague's suggestion was intelligent.
Target utterance: They said: """"We really had luck with that one.""""
What meaning is They most likely conveying?
a. They were genuinely fortunate to have such a strong suggestion.
b. As far as they were concerned, it was a poor suggestion.
c. They got lucky at the casino.
d. They thought that every project starts with a suggestion.
Answer:
","We need answer multiple choice. Need analyze. Context: Their colleague's suggestion was intelligent. Target: They said: ""We really had luck with that one."" Need choose meaning. Options:
a. They were genuinely fortunate to have such a strong suggestion.
b. As far as they were concerned, it was a poor suggestion.
c. They got lucky at the casino.
d. They thought that every project starts with a suggestion.

Context says colleague's suggestion was intelligent. Utterance ""We really had luck with that one."" Likely means they were fortunate to have such a strong suggestion? ""had luck with that one"" could mean got lucky that suggestion was good. Option a. Need output only a. Ensure no","['a', 'b', 'c', 'd']",1,A_NI,"{'a': 22.625, 'b': 14.375, 'c': 13.875, 'd': 12.0625}","{'a': 0.9995545744895935, 'b': 0.00026114220963791013, 'c': 0.00015839074330870062, 'd': 2.5856577849481255e-05}",0.9995545744895935,a,,a
C1_27_UA_I,C1_27,120,1,unambiguous,ironic,c,His argument was weak and poorly constructed.,Qwen3.8-27B,Condition1B_context_richness_stimuli,general,"You will read short stories that describe everyday situations and which finish with a person saying something. Your task is to decide, given the situation, what meaning the person is most likely conveying. Each story will be followed by 4 possible meaning interpretations listed from a to d. Read each story and choose the number corresponding to the most likely meaning. You can only answer with a, b, c, or d.
Context: His argument in the debate was brilliant.
Target utterance: She says: """"What a master of rhetoric.""""
What meaning is She most likely conveying?
a. Sokrates was a master of rhetoric.
b. She had an argument with him that night.
c. His argument was weak and poorly constructed.
d. His argument was strong and well presented.
Answer:
","We need answer multiple choice. Need analyze. Context: His argument in the debate was brilliant. Target: She says: ""What a master of rhetoric."" Meaning? Rhetoric = skillful persuasive speaking. Master of rhetoric means strong well presented argument. Option d. Need output only a,b,c,d. Ensure no extra.
</think>

d","['c', 'd', 'b', 'a']",1,UA_I,"{'a': 12.625, 'b': 11.6875, 'c': 14.5625, 'd': 21.125}","{'a': 0.00020312397100497037, 'b': 7.954449392855167e-05, 'c': 0.0014099598629400134, 'd': 0.9983073472976685}",0.9983073472976685,a,,c
C1_28_UA_NI,C1_28,238,1,unambiguous,non-ironic,c,She believed that his business plan would be successful.,Qwen3.8-27B,Condition1B_context_richness_stimuli,general,"You will read short stories that describe everyday situations and which finish with a person saying something. Your task is to decide, given the situation, what meaning the person is most likely conveying. Each story will be followed by 4 possible meaning interpretations listed from a to d. Read each story and choose the number corresponding to the most likely meaning. You can only answer with a, b, c, or d.
Context: His business plan was brilliant.
Target utterance: She says: """"We will make lots of money with this.""""
What meaning is He most likely conveying?
a. She believed that his business plan would fail.
b. She was interested in making lots of money.
c. She believed that his business plan would be successful.
d. He asked a colleague for help with his business plan.
Answer:
","We need answer multiple choice. Need analyze. Context: ""His business plan was brilliant."" Target utterance: She says: ""We will make lots of money with this."" Question: What meaning is He most likely conveying? Wait says ""What meaning is He most likely conveying?"" But target utterance is She says. Maybe typo? Options: a She believed his plan would fail. b She was interested in making lots of money. c She believed his plan would be successful. d He asked colleague for help. Given she says we will make lots of money with this, most likely meaning: she believed his business plan would be successful. Answer c. Need output only c. Ensure no extra.
</think>

c","['b', 'c', 'a', 'd']",1,UA_NI,"{'a': 12.4375, 'b': 10.9375, 'c': 21.125, 'd': 12.875}","{'a': 0.0001686023606453091, 'b': 3.762026972253807e-05, 'c': 0.9995325803756714, 'd': 0.0002611364470794797}",0.9995325803756714,a,,b
C1_29_A_I,C1_29,50,1,ambiguous,ironic,c,The restaurant visit was a real disappointment.,Qwen3.8-27B,Condition1B_context_richness_stimuli,general,"You will read short stories that describe everyday situations and which finish with a person saying something. Your task is to decide, given the situation, what meaning the person is most likely conveying. Each story will be followed by 4 possible meaning interpretations listed from a to d. Read each story and choose the number corresponding to the most likely meaning. You can only answer with a, b, c, or d.
Context: After the restaurant visit he was satiated.
Target utterance: He says: """"Best dinner ever.""""
What meaning is He most likely conveying?
a. He looked forward to this restaurant visit for weeks.
b. It was the best-reviewed dinner spot in the whole city.
c. The restaurant visit was a real disappointment.
d. The restaurant visit was genuinely outstanding.
Answer:
","We need answer multiple choice. Need choose meaning. Context: After restaurant visit he was satiated. Target: ""Best dinner ever."" Most likely conveying? Options: a looked forward weeks, b best-reviewed, c disappointment, d genuinely outstanding. ""Best dinner ever"" means genuinely outstanding. Answer d. Need only answer with a,b,c,d. Final d.
</think>

d","['d', 'c', 'b', 'a']",1,A_I,"{'a': 13.0, 'b': 11.625, 'c': 14.9375, 'd': 21.0}","{'a': 0.00033454300137236714, 'b': 8.458572119707242e-05, 'c': 0.002322188811376691, 'd': 0.9972586631774902}",0.9972586631774902,a,,d
C1_30_A_NI,C1_30,68,1,ambiguous,non-ironic,c,The buffet was a rich.,Qwen3.8-27B,Condition1B_context_richness_stimuli,general,"You will read short stories that describe everyday situations and which finish with a person saying something. Your task is to decide, given the situation, what meaning the person is most likely conveying. Each story will be followed by 4 possible meaning interpretations listed from a to d. Read each story and choose the number corresponding to the most likely meaning. You can only answer with a, b, c, or d.
Context: He left the buffet feeling satiated.
Target utterance: He says: """"Truly a feast for the senses."" ""
What meaning is He most likely conveying?
a. The feast was celebrated every year in their village.
b. There had been very little worth eating at the buffet.
c. The buffet was a rich.
d. Diners often have a buffet.
Answer:
","We need answer multiple choice. Need parse context: ""He left the buffet feeling satiated."" Target utterance: He says: """"Truly a feast for the senses."" "" What meaning most likely conveying? Options:
a. The feast was celebrated every year in their village.
b. There had been very little worth eating at the buffet.
c. The buffet was a rich.
d. Diners often have a buffet.

Need choose best. Context: left buffet feeling satiated (full). Says ""Truly a feast for the senses."" Likely means buffet was rich/abundant? Option c: ""The buffet was a rich."" Grammatically odd maybe ""The buffet was a rich [feast?]""","['c', 'b', 'a', 'd']",1,A_NI,"{'a': 17.0, 'b': 16.375, 'c': 20.5, 'd': 16.75}","{'a': 0.02822505682706833, 'b': 0.015107784420251846, 'c': 0.9346855282783508, 'd': 0.021981697529554367}",0.9346855282783508,a,,c
C1_31_UA_I,C1_31,27,1,unambiguous,ironic,b,There was barely anything to eat; they left unsatisfied.,Qwen3.8-27B,Condition1B_context_richness_stimuli,general,"You will read short stories that describe everyday situations and which finish with a person saying something. Your task is to decide, given the situation, what meaning the person is most likely conveying. Each story will be followed by 4 possible meaning interpretations listed from a to d. Read each story and choose the number corresponding to the most likely meaning. You can only answer with a, b, c, or d.
Context: They left the picnic feeling full.
Target utterance: They say: """"Food for the soul.""""
What meaning is They most likely conveying?
a. She always kept her soul music collection in good order.
b. There was barely anything to eat; they left unsatisfied.
c. The picnic was nourishing and genuinely enjoyable.
d. They spent the morning preparing sandwiches for the picnic.
Answer:
","We need answer multiple choice. Need analyze. Context: They left the picnic feeling full. Target utterance: They say: ""Food for the soul."" What meaning most likely conveying? Options: a soul music collection, b barely anything to eat unsatisfied, c picnic nourishing and genuinely enjoyable, d spent morning preparing sandwiches. ""Food for the soul"" idiom means something that deeply satisfies/nourishes emotionally/spiritually. Given left feeling full, likely c. Need output only a,b,c,d. Ensure final just c.
</think>

c","['c', 'b', 'a', 'd']",1,UA_I,"{'a': 12.25, 'b': 11.375, 'c': 21.25, 'd': 13.0625}","{'a': 0.000123353922390379, 'b': 5.14215680595953e-05, 'c': 0.9995471835136414, 'd': 0.00027798235532827675}",0.9995471835136414,a,,c
C1_32_UA_NI,C1_32,73,1,unambiguous,non-ironic,c,His plate had been full with food and he ate it all up.,Qwen3.8-27B,Condition1B_context_richness_stimuli,general,"You will read short stories that describe everyday situations and which finish with a person saying something. Your task is to decide, given the situation, what meaning the person is most likely conveying. Each story will be followed by 4 possible meaning interpretations listed from a to d. Read each story and choose the number corresponding to the most likely meaning. You can only answer with a, b, c, or d.
Context: He looked at the empty plate in front of him and was full.
Target utterance: He says: """"No way I could eat more."" ""
What meaning is He most likely conveying?
a. The waiter had forgotten to fill his plate and he did not eat anything.
b. He went to a stylish pottery to buy a special plate.
c. His plate had been full with food and he ate it all up.
d. He prefers to eat his lunch alone.
Answer:
","We need answer multiple choice. Need analyze. Context: ""He looked at the empty plate in front of him and was full."" Target: ""No way I could eat more."" Meaning? Empty plate and full implies he ate all food. Option c: His plate had been full with food and he ate it all up. Need output only a,b,c,d. Final c.
</think>

c","['b', 'd', 'a', 'c']",1,UA_NI,"{'a': 13.0625, 'b': 12.125, 'c': 21.5, 'd': 14.3125}","{'a': 0.00021636218298226595, 'b': 8.472865010844544e-05, 'c': 0.9989437460899353, 'd': 0.000755178218241781}",0.9989437460899353,c,,a
C1_33_A_I,C1_33,199,1,ambiguous,ironic,a,The library was far too noisy to concentrate.,Qwen3.8-27B,Condition1B_context_richness_stimuli,general,"You will read short stories that describe everyday situations and which finish with a person saying something. Your task is to decide, given the situation, what meaning the person is most likely conveying. Each story will be followed by 4 possible meaning interpretations listed from a to d. Read each story and choose the number corresponding to the most likely meaning. You can only answer with a, b, c, or d.
Context: She walked into the library and it was loud.
Target utterance: She says: """"Perfect place to concentrate.""""
What meaning is She most likely conveying?
a. The library was far too noisy to concentrate.
b. She looked for a new book in the library.
c. She asked her colleague for a place to concentrate.
d. The library was a calm and quiet environment.
Answer:
","We need answer multiple choice. Need analyze. Context: She walked into library and it was loud. Target: She says: ""Perfect place to concentrate."" Likely sarcastic? If loud, saying perfect place to concentrate conveys opposite: too noisy to concentrate. Options: a. The library was far too noisy to concentrate. b looked for new book. c asked colleague. d calm quiet. Most likely a. Need output only a. Ensure final just a.
</think>

a","['b', 'd', 'c', 'a']",1,A_I,"{'a': 21.125, 'b': 12.5625, 'c': 12.1875, 'd': 12.1875}","{'a': 0.9995463490486145, 'b': 0.00019105413230136037, 'c': 0.0001313094689976424, 'd': 0.0001313094689976424}",0.9995463490486145,a,,b
C1_34_A_NI,C1_34,283,1,ambiguous,non-ironic,b,The concert was surprisingly quiet.,Qwen3.8-27B,Condition1B_context_richness_stimuli,general,"You will read short stories that describe everyday situations and which finish with a person saying something. Your task is to decide, given the situation, what meaning the person is most likely conveying. Each story will be followed by 4 possible meaning interpretations listed from a to d. Read each story and choose the number corresponding to the most likely meaning. You can only answer with a, b, c, or d.
Context: We came back from a concert which was loud.
Target utterance: I say: """"I've almost gone deaf.""""
What meaning is She most likely conveying?
a. The concert was pretty loud.
b. The concert was surprisingly quiet.
c. My grandfather is deaf.
d. I was looking forward to the next concert.
Answer:
","We need answer user's multiple choice. Need produce final only a/b/c/d. Let's analyze: Context: We came back from a concert which was loud. Target utterance: I say: ""I've almost gone deaf."" Meaning most likely: concert was pretty loud. Option a. Need output just a. Ensure no extra.
</think>

a","['b', 'a', 'c', 'd']",1,A_NI,"{'a': 20.875, 'b': 13.75, 'c': 13.125, 'd': 12.9375}","{'a': 0.9984098672866821, 'b': 0.0008034533821046352, 'c': 0.00043005761108361185, 'd': 0.00035653027589432895}",0.9984098672866821,a,,b
C1_35_UA_I,C1_35,117,1,unambiguous,ironic,d,The movie was very loud.,Qwen3.8-27B,Condition1B_context_richness_stimuli,general,"You will read short stories that describe everyday situations and which finish with a person saying something. Your task is to decide, given the situation, what meaning the person is most likely conveying. Each story will be followed by 4 possible meaning interpretations listed from a to d. Read each story and choose the number corresponding to the most likely meaning. You can only answer with a, b, c, or d.
Context:  She watched a movie in the theater and found it deafening.
Target utterance: She says: """"It was so difficult to hear.""""
What meaning is She most likely conveying?
a. She generally has difficulties with her hearing.
b. The movie was too quiet to hear.
c. Watching a movie in the theater is a real event.
d. The movie was very loud.
Answer:
","We need answer multiple choice. Need analyze. Context: She watched a movie in theater and found it deafening. Target: ""It was so difficult to hear."" Deafening means extremely loud, so difficult to hear due to loudness? Actually if deafening, it's so loud it makes it hard to hear dialogue? The utterance says difficult to hear. Options: a generally hearing difficulties, b movie too quiet, c real event, d movie very loud. Most likely conveying movie was very loud. Answer d. Need only a,b,c,d. final d.
</think>

d","['c', 'a', 'd', 'b']",1,UA_I,"{'a': 13.4375, 'b': 12.25, 'c': 14.8125, 'd': 21.25}","{'a': 0.0004037857288494706, 'b': 0.00012314767809584737, 'c': 0.001597003429196775, 'd': 0.9978760480880737}",0.9978760480880737,a,,c
C1_36_UA_NI,C1_36,214,1,unambiguous,non-ironic,b,He thinks that his neighbours' are having a great party with music.,Qwen3.8-27B,Condition1B_context_richness_stimuli,general,"You will read short stories that describe everyday situations and which finish with a person saying something. Your task is to decide, given the situation, what meaning the person is most likely conveying. Each story will be followed by 4 possible meaning interpretations listed from a to d. Read each story and choose the number corresponding to the most likely meaning. You can only answer with a, b, c, or d.
Context: His neighbours' music was deafening.
Target utterance: He says: """"It seems like they are having a great party.""""
What meaning is He most likely conveying?
a. He would expected to hear louder music from his neighbours' party.
b. He thinks that his neighbours' are having a great party with music.
c. He likes talking about pop music.
d. He is still unsure which party to vote for in the upcoming elections.
Answer:
","We need answer multiple choice. Need analyze. Context: neighbours' music deafening. Utterance: ""It seems like they are having a great party."" Most likely meaning? Options:
a. He would expected to hear louder music from his neighbours' party. (grammar weird)
b. He thinks that his neighbours' are having a great party with music.
c. He likes talking about pop music.
d. He is still unsure which party to vote for in upcoming elections.
Given context, he is commenting on loud music, likely sarcastic? ""It seems like they are having a great party"" could mean he thinks they are having a party, maybe not necessarily great? But options: b is literal. a","['b', 'a', 'd', 'c']",1,UA_NI,"{'a': 16.0, 'b': 22.25, 'c': 15.25, 'd': 16.75}","{'a': 0.0019171700114384294, 'b': 0.9931186437606812, 'c': 0.0009056070121005177, 'd': 0.004058648832142353}",0.9931186437606812,a,,b
C1_37_A_I,C1_37,282,1,ambiguous,ironic,a,The questions were straightforward and required little effort.,Qwen3.8-27B,Condition1B_context_richness_stimuli,general,"You will read short stories that describe everyday situations and which finish with a person saying something. Your task is to decide, given the situation, what meaning the person is most likely conveying. Each story will be followed by 4 possible meaning interpretations listed from a to d. Read each story and choose the number corresponding to the most likely meaning. You can only answer with a, b, c, or d.
Context: She prepared easy questions for the students.
Target utterance: She says: """"I hope they're prepared for this.""""
What meaning is She most likely conveying?
a. The questions were straightforward and required little effort.
b. She had never felt so well prepared for a meeting.
c. The questions required thorough preparation to answer.
d. She posted the question on the class forum.
Answer:
","We need answer multiple choice. Need analyze. Context: She prepared easy questions for the students. Target: She says: ""I hope they're prepared for this."" Need choose meaning most likely conveying. Options:
a. The questions were straightforward and required little effort.
b. She had never felt so well prepared for a meeting.
c. The questions required thorough preparation to answer.
d. She posted the question on the class forum.

We need infer meaning of utterance given situation. She prepared easy questions for students. Then says ""I hope they're prepared for this."" If questions are easy, saying hope they're prepared could be ironic? Or literal? Let's parse. ""She prepared easy questions for the students.""","['b', 'c', 'a', 'd']",1,A_I,"{'a': 19.875, 'b': 17.875, 'c': 20.75, 'd': 18.0}","{'a': 0.2711816132068634, 'b': 0.03670043870806694, 'c': 0.6505308747291565, 'd': 0.04158704727888107}",0.6505308747291565,a,,b
C1_38_A_NI,C1_38,194,1,ambiguous,non-ironic,b,Booking the appointment was straightforward and effortless.,Qwen3.8-27B,Condition1B_context_richness_stimuli,general,"You will read short stories that describe everyday situations and which finish with a person saying something. Your task is to decide, given the situation, what meaning the person is most likely conveying. Each story will be followed by 4 possible meaning interpretations listed from a to d. Read each story and choose the number corresponding to the most likely meaning. You can only answer with a, b, c, or d.
Context: He booked an appointment through a system which was easy to use.
Target utterance: He says:  """"That was about as easy as it gets.""""
What meaning is He most likely conveying?
a. He always found parallel parking easy as it gets.
b. Booking the appointment was straightforward and effortless.
c. Booking the appointment was frustrating and difficult.
d. He decided to cancel the appointment.
Answer:
","We need answer multiple choice. Need choose b. User says only answer with a,b,c,d. Final just b.
</think>

b","['c', 'a', 'b', 'd']",1,A_NI,"{'a': 12.5625, 'b': 21.25, 'c': 13.75, 'd': 13.3125}","{'a': 0.0001684994058450684, 'b': 0.9989222288131714, 'c': 0.0005524882581084967, 'd': 0.00035671325167641044}",0.9989222288131714,b,,a
C1_39_UA_I,C1_39,80,1,unambiguous,ironic,a,"Anyone could have done the task, no special abilities required.",Qwen3.8-27B,Condition1B_context_richness_stimuli,general,"You will read short stories that describe everyday situations and which finish with a person saying something. Your task is to decide, given the situation, what meaning the person is most likely conveying. Each story will be followed by 4 possible meaning interpretations listed from a to d. Read each story and choose the number corresponding to the most likely meaning. You can only answer with a, b, c, or d.
Context: They finished a trivial task for their maths lesson.
Target utterance: They say: """"We must be very smart.""""
What meaning is They most likely conveying?
a. Anyone could have done the task, no special abilities required.
b. They were always smart about managing their money.
c. They were given another task after the math lesson.
d. Completing the task was a genuine sign of intelligence.
Answer:
","We need answer multiple choice. Need analyze. Context: They finished a trivial task for their maths lesson. Target: ""We must be very smart."" Likely sarcastic/ironic because task trivial, so meaning: anyone could have done it, no special abilities required. Option a. Need output only a. Ensure final just a.
</think>

a","['b', 'c', 'd', 'a']",1,UA_I,"{'a': 20.75, 'b': 12.875, 'c': 13.375, 'd': 13.1875}","{'a': 0.9984758496284485, 'b': 0.000379549601348117, 'c': 0.0006257714703679085, 'd': 0.0005187827628105879}",0.9984758496284485,a,,b
C1_40_UA_NI,C1_40,145,1,unambiguous,non-ironic,b,Making the payment was a smooth and effortless experience.,Qwen3.8-27B,Condition1B_context_richness_stimuli,general,"You will read short stories that describe everyday situations and which finish with a person saying something. Your task is to decide, given the situation, what meaning the person is most likely conveying. Each story will be followed by 4 possible meaning interpretations listed from a to d. Read each story and choose the number corresponding to the most likely meaning. You can only answer with a, b, c, or d.
Context: He made a payment through a website which was trivial to use.
Target utterance: He says:  """"Technology at its finest.""""
What meaning is He most likely conveying?
a. Making the payment was complicated and painful.
b. Making the payment was a smooth and effortless experience.
c. He always thought the finest restaurants required a reservation.
d. He decided to cancel the payment altogether.
Answer:
","We need answer multiple choice. Need choose b. User says only answer with a,b,c,d. Final just b.
</think>

b","['b', 'a', 'c', 'd']",1,UA_NI,"{'a': 12.875, 'b': 21.25, 'c': 13.6875, 'd': 13.3125}","{'a': 0.00023030483862385154, 'b': 0.9988939166069031, 'c': 0.0005189999938011169, 'd': 0.00035670315264724195}",0.9988939166069031,b,,a
C1_41_A_I,C1_41,206,1,ambiguous,ironic,b,Her kitchen was a mess.,Qwen3.8-27B,Condition1B_context_richness_stimuli,general,"You will read short stories that describe everyday situations and which finish with a person saying something. Your task is to decide, given the situation, what meaning the person is most likely conveying. Each story will be followed by 4 possible meaning interpretations listed from a to d. Read each story and choose the number corresponding to the most likely meaning. You can only answer with a, b, c, or d.
Context: She finished cooking and the kitchen was dirty.
Target utterance: She says: """"I'm the sort of person who likes to keep things tidy.""""
What meaning is She most likely conveying?
a. The apartment came with a fully equipped kitchen.
b. Her kitchen was a mess.
c. Children should regularly tidy up their rooms.
d. Her kitchen was tidy.
Answer:
","We need answer multiple choice. Need analyze. Context: She finished cooking and the kitchen was dirty. Target: ""I'm the sort of person who likes to keep things tidy."" What meaning most likely conveying? Options: a apartment came with fully equipped kitchen, b her kitchen was a mess, c children should regularly tidy up rooms, d her kitchen was tidy. Given context kitchen dirty, she says she likes tidy. Likely conveying that her kitchen was a mess? Or maybe she is implying she will clean it? Let's think pragmatics. If kitchen dirty and she says she likes to keep things tidy, likely she is indicating that the kitchen is currently not tidy / a mess, perhaps she needs to clean. Among options, b. Her kitchen","['d', 'b', 'c', 'a']",1,A_I,"{'a': 15.375, 'b': 22.375, 'c': 14.75, 'd': 16.375}","{'a': 0.0009083587792702019, 'b': 0.9961363673210144, 'c': 0.0004862094356212765, 'd': 0.002469175262376666}",0.9961363673210144,a,,d
C1_42_A_NI,C1_42,223,1,ambiguous,non-ironic,a,The room was tidied up well before it got too messy.,Qwen3.8-27B,Condition1B_context_richness_stimuli,general,"You will read short stories that describe everyday situations and which finish with a person saying something. Your task is to decide, given the situation, what meaning the person is most likely conveying. Each story will be followed by 4 possible meaning interpretations listed from a to d. Read each story and choose the number corresponding to the most likely meaning. You can only answer with a, b, c, or d.
Context: They walked into the room and found it dirty.
Target utterance: They said: ""“Looks like you didn’t wait too long to clean it.”""
What meaning is They most likely conveying?
a. The room was tidied up well before it got too messy.
b. They decided to book a different room altogether.
c. They never had to wait long for a table.
d. The room was left in a terrible state for far too long.
Answer:
","We need answer multiple choice. Need analyze. Context: They walked into room and found it dirty. Target: ""Looks like you didn’t wait too long to clean it."" Need infer meaning. This is sarcastic? If room dirty, saying ""didn't wait too long to clean it"" likely means they waited too long / didn't clean, room terrible. Options: a tidied well before too messy (literal positive), b book different room, c table, d left terrible state far too long. Most likely d. Need output only a,b,c,d. Ensure final just d.
</think>

d","['a', 'd', 'c', 'b']",1,A_NI,"{'a': 13.1875, 'b': 11.75, 'c': 14.625, 'd': 21.125}","{'a': 0.0003564047801773995, 'b': 8.465355494990945e-05, 'c': 0.001500520040281117, 'd': 0.9980583786964417}",0.9980583786964417,a,,a
C1_43_UA_I,C1_43,95,1,unambiguous,ironic,a,The street was far from pretty.,Qwen3.8-27B,Condition1B_context_richness_stimuli,general,"You will read short stories that describe everyday situations and which finish with a person saying something. Your task is to decide, given the situation, what meaning the person is most likely conveying. Each story will be followed by 4 possible meaning interpretations listed from a to d. Read each story and choose the number corresponding to the most likely meaning. You can only answer with a, b, c, or d.
Context: The street was filthy.
Target utterance: They say:  """"Such a beautiful walk.""""
What meaning is They most likely conveying?
a. The street was far from pretty.
b. They went for a walk in the park.
c. A dog was barking on the street.
d. The street was genuinely pleasant.
Answer:
","We need answer multiple choice. Need analyze. Context: street was filthy. Target: They say: ""Such a beautiful walk."" Most likely meaning? Sarcasm likely: street was far from pretty. Option a. Need output only a. Ensure final just a.
</think>

a","['b', 'c', 'd', 'a']",1,UA_I,"{'a': 20.75, 'b': 12.9375, 'c': 13.1875, 'd': 13.1875}","{'a': 0.9985582232475281, 'b': 0.0004040617495775223, 'c': 0.0005188255454413593, 'd': 0.0005188255454413593}",0.9985582232475281,a,,b
C1_44_UA_NI,C1_44,12,1,unambiguous,non-ironic,a,The floor was very clean.,Qwen3.8-27B,Condition1B_context_richness_stimuli,general,"You will read short stories that describe everyday situations and which finish with a person saying something. Your task is to decide, given the situation, what meaning the person is most likely conveying. Each story will be followed by 4 possible meaning interpretations listed from a to d. Read each story and choose the number corresponding to the most likely meaning. You can only answer with a, b, c, or d.
Context: The floor was filthy.
Target utterance: She says: """"You could practically eat off the floor here.""""
What meaning is She most likely conveying?
a. The floor was very clean.
b. She could eat a whole cake.
c. The dance floor was very empty.
d. The floor was very dirty.
Answer:
","We need answer multiple choice. Need analyze. Context: floor was filthy. Target: ""You could practically eat off the floor here."" Usually idiom means very clean. But context says floor was filthy, so likely sarcastic? The question: decide given situation what meaning person most likely conveying. If floor was filthy, saying ""You could practically eat off the floor here"" is likely sarcastic meaning floor was very dirty? Let's examine. The utterance literal idiom means clean. But context says filthy. If she says it in that situation, likely conveying opposite? The options: a floor very clean, b could eat cake, c dance floor empty, d floor very dirty. Given context floor was filthy, most likely meaning is d?","['a', 'c', 'd', 'b']",1,UA_NI,"{'a': 17.625, 'b': 16.375, 'c': 16.75, 'd': 21.125}","{'a': 0.028720099478960037, 'b': 0.00822844635695219, 'c': 0.011972318403422832, 'd': 0.9510790705680847}",0.9510790705680847,a,,a
C1_45_A_I,C1_45,115,1,ambiguous,ironic,b,The movie wasn't amusing.,Qwen3.8-27B,Condition1B_context_richness_stimuli,general,"You will read short stories that describe everyday situations and which finish with a person saying something. Your task is to decide, given the situation, what meaning the person is most likely conveying. Each story will be followed by 4 possible meaning interpretations listed from a to d. Read each story and choose the number corresponding to the most likely meaning. You can only answer with a, b, c, or d.
Context: They watched a funny movie.
Target utterance: They say: """"That was the perfect movie for a laugh.""""
What meaning is They most likely conveying?
a. They saw three movies that week.
b. The movie wasn't amusing.
c. The movie was funny and great.
d. They had such a perfect night.
Answer:
","We need answer multiple choice. Need choose best meaning. Context: They watched a funny movie. Target: ""That was the perfect movie for a laugh."" Means movie was funny and great/suitable for laughing. Option c. Need output only a,b,c,d. Ensure final just c.
</think>

c","['d', 'b', 'a', 'c']",1,A_I,"{'a': 12.0625, 'b': 10.8125, 'c': 21.125, 'd': 13.75}","{'a': 0.00011584290768951178, 'b': 3.318954986752942e-05, 'c': 0.9992247819900513, 'd': 0.0006262408569455147}",0.9992247819900513,a,,d
C1_46_A_NI,C1_46,36,1,ambiguous,non-ironic,a,The musical left her deeply moved.,Qwen3.8-27B,Condition1B_context_richness_stimuli,general,"You will read short stories that describe everyday situations and which finish with a person saying something. Your task is to decide, given the situation, what meaning the person is most likely conveying. Each story will be followed by 4 possible meaning interpretations listed from a to d. Read each story and choose the number corresponding to the most likely meaning. You can only answer with a, b, c, or d.
Context: The musical she watched was really funny.
Target utterance: She says: """"That cracked me up.""""
What meaning is She most likely conveying?
a. The musical left her deeply moved.
b. The joke cracked everyone up.
c. The musical was purely for laughs.
d. She answered some questions about the musical.
Answer:
","We need answer multiple choice. Need analyze. Context: The musical she watched was really funny. Target: She says: ""That cracked me up."" Meaning? ""cracked me up"" means made me laugh a lot. Options:
a. The musical left her deeply moved.
b. The joke cracked everyone up.
c. The musical was purely for laughs.
d. She answered some questions about the musical.
Need choose most likely meaning. The utterance ""That cracked me up"" in context of musical funny means it made her laugh. Option c says musical was purely for laughs. Not exactly but closest? a deeply moved no. b joke cracked everyone up no. d no. c: The musical was purely for","['a', 'c', 'b', 'd']",1,A_NI,"{'a': 16.5, 'b': 15.75, 'c': 22.0, 'd': 16.625}","{'a': 0.004043713677674532, 'b': 0.0019101150101050735, 'c': 0.9894640445709229, 'd': 0.004582127556204796}",0.9894640445709229,a,,a
C1_47_UA_I,C1_47,79,1,unambiguous,ironic,a,The situation was far too serious.,Qwen3.8-27B,Condition1B_context_richness_stimuli,general,"You will read short stories that describe everyday situations and which finish with a person saying something. Your task is to decide, given the situation, what meaning the person is most likely conveying. Each story will be followed by 4 possible meaning interpretations listed from a to d. Read each story and choose the number corresponding to the most likely meaning. You can only answer with a, b, c, or d.
Context: The situation was hilarious.
Target utterance: She says: """"Truly something to laugh about.""""
What meaning is She most likely conveying?
a. The situation was far too serious.
b. She tried to make the best of the situation.
c. She always found it hard to laugh about things.
d. The situation was genuinely amusing.
Answer:
","We need answer multiple choice. Need analyze. Context: ""The situation was hilarious."" Target utterance: She says: ""Truly something to laugh about."" What meaning most likely conveying? Options: a too serious, b tried make best, c hard to laugh, d genuinely amusing. Given context says hilarious, utterance likely means genuinely amusing. Answer d. Need final only letter? Instructions: You can only answer with a, b, c, or d. So final: d.
</think>

d","['b', 'd', 'c', 'a']",1,UA_I,"{'a': 13.25, 'b': 12.1875, 'c': 14.6875, 'd': 20.875}","{'a': 0.0004867752140853554, 'b': 0.0001682250149315223, 'c': 0.0020494002383202314, 'd': 0.9972955584526062}",0.9972955584526062,a,,b
C1_48_UA_NI,C1_48,130,1,unambiguous,non-ironic,a,The talk contained humour.,Qwen3.8-27B,Condition1B_context_richness_stimuli,general,"You will read short stories that describe everyday situations and which finish with a person saying something. Your task is to decide, given the situation, what meaning the person is most likely conveying. Each story will be followed by 4 possible meaning interpretations listed from a to d. Read each story and choose the number corresponding to the most likely meaning. You can only answer with a, b, c, or d.
Context: His talk was hilarious. 
Target utterance: Hey says: """"Wow, so many jokes in one talk.""""
What meaning is He most likely conveying?
a. The talk contained humour.
b. He was a fan of old jokes.
c. He decided to cancel the talk.
d. The talk contained no humour.
Answer:
","We need answer multiple choice. Need analyze. Context: ""His talk was hilarious."" Target utterance: Hey says: """"Wow, so many jokes in one talk."""" What meaning is He most likely conveying? Options: a. The talk contained humour. b. He was a fan of old jokes. c. He decided to cancel the talk. d. The talk contained no humour.

We need choose most likely meaning. Context says talk was hilarious. Utterance ""Wow, so many jokes in one talk."" likely conveys talk contained humor. Answer a. Need output only a. Ensure no extra.
</think>

a","['a', 'c', 'd', 'b']",1,UA_NI,"{'a': 20.875, 'b': 12.125, 'c': 13.125, 'd': 12.4375}","{'a': 0.9991949200630188, 'b': 0.0001583337434567511, 'c': 0.00043039576848968863, 'd': 0.00021641657804138958}",0.9991949200630188,a,,a
C1_49_A_I,C1_49,184,1,ambiguous,ironic,c,The airport experience was thoroughly unpleasant.,Qwen3.8-27B,Condition1B_context_richness_stimuli,general,"You will read short stories that describe everyday situations and which finish with a person saying something. Your task is to decide, given the situation, what meaning the person is most likely conveying. Each story will be followed by 4 possible meaning interpretations listed from a to d. Read each story and choose the number corresponding to the most likely meaning. You can only answer with a, b, c, or d.
Context: He had a good experience at the airport.
Target utterance: He says: """"A complete nightmare, really.""""
What meaning is He most likely conveying?
a. The airport experience was enjoyable.
b. He decided to book a different airport transfer.
c. The airport experience was thoroughly unpleasant.
d. He came back from his trip exhausted.
Answer:
","We need answer multiple choice. Need choose meaning. Context: He had a good experience at the airport. Target utterance: ""A complete nightmare, really."" This is contradictory? If he says complete nightmare, likely conveying experience was thoroughly unpleasant. But context says good experience? Maybe sarcasm? Let's parse task: short stories describe everyday situations and finish with person saying something. Decide given situation what meaning most likely conveying. Context: He had a good experience at the airport. Target: He says: ""A complete nightmare, really."" Options: a enjoyable, b book different transfer, c thoroughly unpleasant, d exhausted. If context says good experience, but utterance says nightmare. Could be ironic? ""A complete nightmare, really"" after good","['a', 'd', 'b', 'c']",1,A_I,"{'a': 16.875, 'b': 15.5625, 'c': 21.75, 'd': 17.625}","{'a': 0.007442674599587917, 'b': 0.002003168687224388, 'c': 0.9747980237007141, 'd': 0.015756143257021904}",0.9747980237007141,a,,a
C1_50_A_NI,C1_50,39,1,ambiguous,non-ironic,b,The exam results were impressive,Qwen3.8-27B,Condition1B_context_richness_stimuli,general,"You will read short stories that describe everyday situations and which finish with a person saying something. Your task is to decide, given the situation, what meaning the person is most likely conveying. Each story will be followed by 4 possible meaning interpretations listed from a to d. Read each story and choose the number corresponding to the most likely meaning. You can only answer with a, b, c, or d.
Context: He studied hard for the exam, and the results were good.
Target utterance: He says: """"Well, this is amazing.""""
What meaning is He most likely conveying?
a. He had one more exam this week.
b. The exam results were impressive
c. He always found art museums amazing.
d. The exam results were deeply disappointing.
Answer:
","We need answer multiple choice. Need choose b likely. Need final only a/b/c/d? User says can only answer with a, b, c, or d. So final: b.
</think>

b","['d', 'a', 'c', 'b']",1,A_NI,"{'a': 12.5, 'b': 21.375, 'c': 13.4375, 'd': 13.25}","{'a': 0.00013973083696328104, 'b': 0.9992076754570007, 'c': 0.0003568151732906699, 'd': 0.00029581013950519264}",0.9992076754570007,b,,a
C1_51_UA_I,C1_51,42,1,unambiguous,ironic,b,They found the play entertaining.,Qwen3.8-27B,Condition1B_context_richness_stimuli,general,"You will read short stories that describe everyday situations and which finish with a person saying something. Your task is to decide, given the situation, what meaning the person is most likely conveying. Each story will be followed by 4 possible meaning interpretations listed from a to d. Read each story and choose the number corresponding to the most likely meaning. You can only answer with a, b, c, or d.
Context: They left the play feeling excellent.
Target utterance: They said:  """"That wasn't fun at all.""""
What meaning is They most likely conveying?
a. They had fun eating together.
b. They found the play entertaining.
c. They liked to watch a play in their favorite theatre.
d. They found the play dull.
Answer:
","We need answer multiple choice. Need analyze. Context: They left the play feeling excellent. Target utterance: They said: ""That wasn't fun at all."" What meaning most likely conveying? Options: a had fun eating together, b found play entertaining, c liked to watch a play in favorite theatre, d found play dull.

We need infer meaning. They left play feeling excellent, but said ""That wasn't fun at all."" This is contradictory? Maybe sarcasm? If feeling excellent, saying wasn't fun at all likely means they found it dull? Wait if they felt excellent, maybe they are being sarcastic? Let's parse. ""They left the play feeling excellent."" Then said ""That wasn't fun at all."" If","['c', 'b', 'd', 'a']",1,UA_I,"{'a': 15.875, 'b': 17.375, 'c': 17.125, 'd': 20.5}","{'a': 0.009011054411530495, 'b': 0.040384747087955475, 'c': 0.031451668590307236, 'd': 0.919152557849884}",0.919152557849884,a,,c
C1_52_UA_NI,C1_52,110,1,unambiguous,non-ironic,c,The rmeal was a genuinely enjoyable experience.,Qwen3.8-27B,Condition1B_context_richness_stimuli,general,"You will read short stories that describe everyday situations and which finish with a person saying something. Your task is to decide, given the situation, what meaning the person is most likely conveying. Each story will be followed by 4 possible meaning interpretations listed from a to d. Read each story and choose the number corresponding to the most likely meaning. You can only answer with a, b, c, or d.
Context: She had an excellent meal at a restaurant.
Target utterance: She says: """"That was a great restaurant visit.""""
What meaning is She most likely conveying?
a. She found the whole meal disappointing.
b. She wanted to try the meal for months.
c. The rmeal was a genuinely enjoyable experience.
d. She always enjoyed a restaurant visit before a big day out.
Answer:
","We need answer multiple choice. Need choose c likely. Need final only a/b/c/d. Ensure no extra.
</think>

c","['b', 'd', 'a', 'c']",1,UA_NI,"{'a': 12.4375, 'b': 11.3125, 'c': 21.375, 'd': 13.1875}","{'a': 0.00013130968727637082, 'b': 4.263001028448343e-05, 'c': 0.9995480179786682, 'd': 0.0002779825881589204}",0.9995480179786682,c,,a
C1_53_A_I,C1_53,94,1,ambiguous,ironic,b,The ground was dried out.,Qwen3.8-27B,Condition1B_context_richness_stimuli,general,"You will read short stories that describe everyday situations and which finish with a person saying something. Your task is to decide, given the situation, what meaning the person is most likely conveying. Each story will be followed by 4 possible meaning interpretations listed from a to d. Read each story and choose the number corresponding to the most likely meaning. You can only answer with a, b, c, or d.
Context: After the weather changed, the ground became wet.
Target utterance: She says: """"Perfect conditions for a picnic..""""
What meaning is She most likely conveying?
a. She knelt in the mud to look closely at the earth.
b. The ground was dried out.
c. The ground was uneven where she stood.
d. The ground was moist and muddy after the rain.
Answer:
","We need answer multiple choice. Need analyze. Context: After weather changed, ground became wet. Target: She says: ""Perfect conditions for a picnic."" What meaning most likely conveying? Options:
a. She knelt in the mud to look closely at the earth.
b. The ground was dried out.
c. The ground was uneven where she stood.
d. The ground was moist and muddy after the rain.

We need choose meaning of utterance? The utterance is sarcastic? ""Perfect conditions for a picnic"" after ground became wet. Most likely conveying that ground was moist and muddy after rain, i.e. not good for picnic. Option d. Need output only a,b,c,d. Ensure final just","['c', 'b', 'd', 'a']",1,A_I,"{'a': 15.125, 'b': 15.5625, 'c': 15.5, 'd': 21.375}","{'a': 0.0019156478811055422, 'b': 0.0029670135118067265, 'c': 0.0027872510254383087, 'd': 0.9923301339149475}",0.9923301339149475,a,,c
C1_54_A_NI,C1_54,141,1,ambiguous,non-ironic,a,The garden was struggling without any water.,Qwen3.8-27B,Condition1B_context_richness_stimuli,general,"You will read short stories that describe everyday situations and which finish with a person saying something. Your task is to decide, given the situation, what meaning the person is most likely conveying. Each story will be followed by 4 possible meaning interpretations listed from a to d. Read each story and choose the number corresponding to the most likely meaning. You can only answer with a, b, c, or d.
Context: The garden was wet in the morning.
Target utterance: They said: """"That’s enough water for the day.""""
What meaning is They most likely conveying?
a. The garden was struggling without any water.
b. The garden was just watered and needed to dry out.
c. They wanted a new water feature.
d. They played some boardgames in the garden.
Answer:
","We need answer multiple choice. Need analyze. Context: garden wet in morning. Utterance: ""That's enough water for the day."" Most likely meaning? Options: a garden struggling without water (no), b garden just watered and needed to dry out (yes, wet enough, no more watering), c wanted new water feature (no), d boardgames (no). Answer b. Need final only letter? User says can only answer with a,b,c,d. So final b.
</think>

b","['a', 'b', 'c', 'd']",1,A_NI,"{'a': 12.625, 'b': 21.25, 'c': 13.8125, 'd': 13.6875}","{'a': 0.0001793292467482388, 'b': 0.9987137317657471, 'c': 0.0005879979580640793, 'd': 0.0005189063376747072}",0.9987137317657471,a,,a
C1_55_UA_I,C1_55,108,1,unambiguous,ironic,c,The plants had been wilting due to lack of water.,Qwen3.8-27B,Condition1B_context_richness_stimuli,general,"You will read short stories that describe everyday situations and which finish with a person saying something. Your task is to decide, given the situation, what meaning the person is most likely conveying. Each story will be followed by 4 possible meaning interpretations listed from a to d. Read each story and choose the number corresponding to the most likely meaning. You can only answer with a, b, c, or d.
Context: The field was soaked.
Target utterance: He says: """"Terrible news for anything trying to grow..""""
What meaning is He most likely conveying?
a. He had been reading about different farming techniques.
b. He was considering buying a new tractor.
c. The plants had been wilting due to lack of water.
d. The plants had been getting plenty of moisture to grow.
Answer:
","We need answer multiple choice. Need analyze. Context: The field was soaked. Target utterance: He says: ""Terrible news for anything trying to grow.."" What meaning most likely conveying? Options:
a. He had been reading about different farming techniques.
b. He was considering buying a new tractor.
c. The plants had been wilting due to lack of water.
d. The plants had been getting plenty of moisture to grow.

Field soaked means too much water, bad for growth. ""Terrible news for anything trying to grow"" likely means plants had been getting plenty of moisture to grow? Wait terrible news for anything trying to grow: if field soaked, too much moisture, not good. Option d says","['c', 'd', 'b', 'a']",1,UA_I,"{'a': 16.875, 'b': 16.25, 'c': 18.0, 'd': 21.0}","{'a': 0.015041373670101166, 'b': 0.008051067590713501, 'c': 0.04633069410920143, 'd': 0.9305768609046936}",0.9305768609046936,a,,c
C1_56_UA_NI,C1_56,101,1,unambiguous,non-ironic,a,Her hair was soaking wet.,Qwen3.8-27B,Condition1B_context_richness_stimuli,general,"You will read short stories that describe everyday situations and which finish with a person saying something. Your task is to decide, given the situation, what meaning the person is most likely conveying. Each story will be followed by 4 possible meaning interpretations listed from a to d. Read each story and choose the number corresponding to the most likely meaning. You can only answer with a, b, c, or d.
Context: She saw her soaked hair.
Target utterance: She said: """"The rain really caught me by surprise.""""
What meaning is She most likely conveying?
a. Her hair was soaking wet.
b. Her hair was completely dry.
c. She had her hair cut short last week.
d. They organised a surprise party for him.
Answer:
","We need answer multiple choice. Need analyze. Context: She saw her soaked hair. Target: ""The rain really caught me by surprise."" Meaning most likely conveying? Options: a hair soaking wet, b dry, c cut short, d surprise party. The utterance explains rain caught her by surprise, likely she got wet. Given context saw soaked hair, meaning her hair was soaking wet. Answer a. Need only answer with a,b,c,d. Final: a.
</think>

a","['a', 'b', 'd', 'c']",1,UA_NI,"{'a': 21.25, 'b': 13.25, 'c': 13.8125, 'd': 13.5}","{'a': 0.9986469149589539, 'b': 0.0003350087208673358, 'c': 0.0005879586096853018, 'd': 0.00043015970732085407}",0.9986469149589539,a,,a
C1_57_A_I,C1_57,23,1,ambiguous,ironic,b,I thought the outfit was ugly.,Qwen3.8-27B,Condition1B_context_richness_stimuli,general,"You will read short stories that describe everyday situations and which finish with a person saying something. Your task is to decide, given the situation, what meaning the person is most likely conveying. Each story will be followed by 4 possible meaning interpretations listed from a to d. Read each story and choose the number corresponding to the most likely meaning. You can only answer with a, b, c, or d.
Context: I wore a pretty outfit to attend the award ceremony.
Target utterance: I say: """"I really didn't try at all today.""""
What meaning is I most likely conveying?
a. I admired the outfit.
b. I thought the outfit was ugly.
c. The comedians on the stage enjoyed themselves.
d. I received an amazing award.
Answer:
","We need answer multiple choice. Need analyze. Context: ""I wore a pretty outfit to attend the award ceremony."" Target utterance: ""I say: """"I really didn't try at all today."""" What meaning is I most likely conveying? Options: a. I admired the outfit. b. I thought the outfit was ugly. c. The comedians on the stage enjoyed themselves. d. I received an amazing award.

We need infer meaning. The utterance ""I really didn't try at all today"" after wearing a pretty outfit to award ceremony. Could be sarcastic? If wore pretty outfit, saying didn't try at all likely means actually tried hard / looked good? But options: a admired the outfit, b thought outfit","['a', 'b', 'd', 'c']",1,A_I,"{'a': 21.75, 'b': 18.625, 'c': 18.0, 'd': 18.25}","{'a': 0.9110354781150818, 'b': 0.040028106421232224, 'c': 0.021425500512123108, 'd': 0.027510888874530792}",0.9110354781150818,a,,a
C1_58_A_NI,C1_58,33,1,ambiguous,non-ironic,d,She admired the car.,Qwen3.8-27B,Condition1B_context_richness_stimuli,general,"You will read short stories that describe everyday situations and which finish with a person saying something. Your task is to decide, given the situation, what meaning the person is most likely conveying. Each story will be followed by 4 possible meaning interpretations listed from a to d. Read each story and choose the number corresponding to the most likely meaning. You can only answer with a, b, c, or d.
Context: She saw a pretty car on the street.
Target utterance: She says: """"That’s a real beauty.""""
What meaning is she most likely conveying?
a. She thought the painting was beautiful.
b. She had booked a car.
c. She thought the car was ugly.
d. She admired the car.
Answer:
","We need answer multiple choice. Need choose d. Need final only a/b/c/d likely. Ensure no extra.
</think>

d","['c', 'd', 'b', 'a']",1,A_NI,"{'a': 12.4375, 'b': 11.25, 'c': 13.375, 'd': 21.0}","{'a': 0.0001909999700728804, 'b': 5.825169864692725e-05, 'c': 0.0004877355240751058, 'd': 0.9992629885673523}",0.9992629885673523,d,,a
C1_59_UA_I,C1_59,175,1,unambiguous,ironic,c,The painting was genuinely beautiful.,Qwen3.8-27B,Condition1B_context_richness_stimuli,general,"You will read short stories that describe everyday situations and which finish with a person saying something. Your task is to decide, given the situation, what meaning the person is most likely conveying. Each story will be followed by 4 possible meaning interpretations listed from a to d. Read each story and choose the number corresponding to the most likely meaning. You can only answer with a, b, c, or d.
Context: He looked at a stunning painting.
Target utterance: He said: """"That's hard to look at.""""
What meaning is He most likely conveying?
a. He gave her a stern look.
b. The painting was genuinely ugly.
c. The painting was genuinely beautiful.
d. They spent the weekend for this painting.
Answer:
","We need answer multiple choice. Need analyze. Context: He looked at a stunning painting. Target: He said: ""That's hard to look at."" What meaning most likely conveying? Options: a stern look, b genuinely ugly, c genuinely beautiful, d spent weekend for this painting.

We need infer pragmatics. ""stunning painting"" can mean beautiful or shocking? ""hard to look at"" often means ugly/repulsive, but if painting is stunning (beautiful) maybe ""hard to look at"" could mean too beautiful? Let's examine. The story: He looked at a stunning painting. He said: ""That's hard to look at."" If stunning means beautiful, ""hard to look at"" could be ironic? But","['c', 'a', 'b', 'd']",1,UA_I,"{'a': 16.0, 'b': 18.875, 'c': 20.25, 'd': 16.875}","{'a': 0.010961340740323067, 'b': 0.19429442286491394, 'c': 0.7684493660926819, 'd': 0.02629489079117775}",0.7684493660926819,a,,c
C1_60_UA_NI,C1_60,19,1,unambiguous,non-ironic,a,They thought the bird was beautiful.,Qwen3.8-27B,Condition1B_context_richness_stimuli,general,"You will read short stories that describe everyday situations and which finish with a person saying something. Your task is to decide, given the situation, what meaning the person is most likely conveying. Each story will be followed by 4 possible meaning interpretations listed from a to d. Read each story and choose the number corresponding to the most likely meaning. You can only answer with a, b, c, or d.
Context: They saw a stunning bird.
Target utterance: They said: """"A real eye-catcher.""""
What meaning is They most likely conveying?
a. They thought the bird was beautiful.
b. They had a great time on a trip.
c. They thought the bird was not beautiful.
d. The bird looked at them really closely.
Answer:
","We need answer multiple choice. Need choose meaning of ""A real eye-catcher"" after seeing stunning bird. Eye-catcher means something that attracts attention, striking/beautiful. Option a. Need final only a. Ensure no extra.
</think>

a","['a', 'd', 'b', 'c']",1,UA_NI,"{'a': 21.0, 'b': 12.375, 'c': 13.5625, 'd': 12.625}","{'a': 0.9990021586418152, 'b': 0.00017938103701453656, 'c': 0.0005881677498109639, 'd': 0.0002303297951584682}",0.9990021586418152,a,,a
C1_61_A_I,C1_61,85,1,ambiguous,ironic,a,The kettle was expensive.,Qwen3.8-27B,Condition1B_context_richness_stimuli,general,"You will read short stories that describe everyday situations and which finish with a person saying something. Your task is to decide, given the situation, what meaning the person is most likely conveying. Each story will be followed by 4 possible meaning interpretations listed from a to d. Read each story and choose the number corresponding to the most likely meaning. You can only answer with a, b, c, or d.
Context: I found a nice kettle which was expensive.
Target utterance: I said: """"What a steal.""""
What meaning is I most likely conveying?
a. The kettle was expensive.
b. A thief tried to steal my bag.
c. The kettle was a real bargain.
d. The kettle boiled over..
Answer:
","We need answer multiple choice. Need choose meaning of ""What a steal"" after found nice kettle which was expensive? Wait context: ""I found a nice kettle which was expensive."" Target: ""What a steal."" Usually ""steal"" means bargain, bought cheap. But context says expensive? Maybe ""found a nice kettle which was expensive"" could mean it was expensive (price high), but saying ""what a steal"" likely means bargain, maybe despite expensive? Let's parse: ""I found a nice kettle which was expensive."" If it was expensive, ""what a steal"" could be sarcastic? Options: a expensive, b thief, c bargain, d boiled over. Most likely c. Need output only c. Ensure final just c","['b', 'c', 'a', 'd']",1,A_I,"{'a': 12.1875, 'b': 11.875, 'c': 20.25, 'd': 12.75}","{'a': 0.0003147920360788703, 'b': 0.0002303067740285769, 'c': 0.9989023208618164, 'd': 0.000552477256860584}",0.9989023208618164,a,,b
C1_62_A_NI,C1_62,13,1,ambiguous,non-ironic,b,The vase was worth a lot of money.,Qwen3.8-27B,Condition1B_context_richness_stimuli,general,"You will read short stories that describe everyday situations and which finish with a person saying something. Your task is to decide, given the situation, what meaning the person is most likely conveying. Each story will be followed by 4 possible meaning interpretations listed from a to d. Read each story and choose the number corresponding to the most likely meaning. You can only answer with a, b, c, or d.
Context: He broke an expensive vase.

Target utterance: He said: """"Well, there goes a priceless treasure""""
What meaning is He most likely conveying?
a. The experience of breaking the vase was worth it.
b. The vase was worth a lot of money.
c. He went on a hike and picked up flowers.
d. The vase was not pricy.
Answer:
","We need answer multiple choice. Need analyze. Context: He broke an expensive vase. Utterance: ""Well, there goes a priceless treasure"". Meaning? Options: a experience worth it, b vase worth a lot of money, c hike flowers, d vase not pricy. ""priceless treasure"" idiom means extremely valuable, not literally no price. Since broke expensive vase, he conveys vase was very valuable. Answer b. Need final only letter? User says can only answer with a,b,c,d. So final b.
</think>

b","['c', 'a', 'd', 'b']",1,A_NI,"{'a': 12.8125, 'b': 21.125, 'c': 14.0625, 'd': 13.9375}","{'a': 0.00024497450795024633, 'b': 0.998145341873169, 'c': 0.0008550450438633561, 'd': 0.0007545746047981083}",0.998145341873169,a,,c
C1_63_UA_I,C1_63,189,1,unambiguous,ironic,b,The perfume was not pricy.,Qwen3.8-27B,Condition1B_context_richness_stimuli,general,"You will read short stories that describe everyday situations and which finish with a person saying something. Your task is to decide, given the situation, what meaning the person is most likely conveying. Each story will be followed by 4 possible meaning interpretations listed from a to d. Read each story and choose the number corresponding to the most likely meaning. You can only answer with a, b, c, or d.
Context: She was wearing overpriced perfume.
Target utterance: She said: """"Smells like it's from a gas station.""""
What meaning is She most likely conveying?
a. The perfume was pricy.
b. The perfume was not pricy.
c. The fragrance label was worth reading.
d. The ocean was calm and quiet.
Answer:
","We need answer multiple choice. Need analyze. Context: She was wearing overpriced perfume. Target utterance: She said: ""Smells like it's from a gas station."" What meaning most likely conveying? Options: a perfume was pricy, b not pricy, c fragrance label worth reading, d ocean calm. Utterance says smells like gas station, likely cheap/bad, so despite overpriced, it smells cheap. Most likely meaning: perfume was not pricy (i.e., cheap). Answer b. Need only answer with a,b,c,d. Ensure final just b.
</think>

b","['a', 'b', 'c', 'd']",1,UA_I,"{'a': 12.5, 'b': 21.0, 'c': 13.625, 'd': 13.375}","{'a': 0.00020320051407907158, 'b': 0.998683512210846, 'c': 0.000625901622697711, 'd': 0.0004874526639468968}",0.998683512210846,a,,a
C1_64_UA_NI,C1_64,285,1,unambiguous,non-ironic,a,The bag was worth a lot.,Qwen3.8-27B,Condition1B_context_richness_stimuli,general,"You will read short stories that describe everyday situations and which finish with a person saying something. Your task is to decide, given the situation, what meaning the person is most likely conveying. Each story will be followed by 4 possible meaning interpretations listed from a to d. Read each story and choose the number corresponding to the most likely meaning. You can only answer with a, b, c, or d.
Context: She got an overpriced bag.
Target utterance: She said: """"Looks like a real designer piece.""""
What meaning is She most likely conveying?
a. The bag was worth a lot.
b. She liked to wear that designer piece.
c. She had dark bags under her eyes.
d. The bag was worth very little.
Answer:
","We need answer multiple choice. Need analyze. Context: She got an overpriced bag. Target: ""Looks like a real designer piece."" Meaning likely sarcastic? Overpriced bag, says looks like a real designer piece. Could mean it's not actually designer, just overpriced? Options: a bag worth a lot, b liked to wear designer piece, c dark bags under eyes, d bag worth very little. ""real designer piece"" sarcastically implies it's not real designer, maybe cheap/overpriced? Overpriced bag: paid too much for something not worth it. ""Looks like a real designer piece"" could be ironic: it looks like a real designer piece (but isn't), so worth very little","['a', 'c', 'd', 'b']",1,UA_NI,"{'a': 15.5625, 'b': 15.5, 'c': 17.25, 'd': 21.875}","{'a': 0.0017896542558446527, 'b': 0.0016812245594337583, 'c': 0.009674779139459133, 'd': 0.9868543148040771}",0.9868543148040771,a,,a
C1_65_A_I,C1_65,61,1,ambiguous,ironic,d,The house felt spacious and huge.,Qwen3.8-27B,Condition1B_context_richness_stimuli,general,"You will read short stories that describe everyday situations and which finish with a person saying something. Your task is to decide, given the situation, what meaning the person is most likely conveying. Each story will be followed by 4 possible meaning interpretations listed from a to d. Read each story and choose the number corresponding to the most likely meaning. You can only answer with a, b, c, or d.
Context: They moved into a big house.
Target utterance: They said: """"You can barely turn around in here.""""
What meaning is They most likely conveying?
a. The house was red and blue.
b. They made a sharp turn at the end of the road.
c. The house felt cramped and tiny.
d. The house felt spacious and huge.
Answer:
","We need answer multiple choice. Need analyze. Context: They moved into a big house. Target: ""You can barely turn around in here."" Meaning? If you can barely turn around, space is cramped, not spacious. But context says big house maybe ironic? The utterance likely conveys house felt cramped and tiny. Options: c. Need output only a,b,c,d. Ensure final just c.
</think>

c","['d', 'c', 'a', 'b']",1,A_I,"{'a': 12.125, 'b': 11.125, 'c': 21.625, 'd': 13.9375}","{'a': 7.4809868237935e-05, 'b': 2.752101318037603e-05, 'c': 0.9994394183158875, 'd': 0.0004582660039886832}",0.9994394183158875,a,,d
C1_66_A_NI,C1_66,149,1,ambiguous,non-ironic,c,They thought the concert was huge.,Qwen3.8-27B,Condition1B_context_richness_stimuli,general,"You will read short stories that describe everyday situations and which finish with a person saying something. Your task is to decide, given the situation, what meaning the person is most likely conveying. Each story will be followed by 4 possible meaning interpretations listed from a to d. Read each story and choose the number corresponding to the most likely meaning. You can only answer with a, b, c, or d.
Context: They attended a concert at a big venue.
Target utterance: They said: """"What a massive event.""""
What meaning is they most likely conveying?
a. They liked go to concerts.
b. They organized a massive event for dating.
c. They thought the concert was huge.
d. They thought the concert was small.
Answer:
","We need answer user's multiple choice. Need produce final only a/b/c/d. Let's analyze: Context: They attended a concert at a big venue. Target: ""What a massive event."" Most likely meaning: thought concert was huge. Option c. Need output just c. Ensure no extra.
</think>

c","['d', 'c', 'a', 'b']",1,A_NI,"{'a': 12.5, 'b': 11.1875, 'c': 20.875, 'd': 13.5}","{'a': 0.00023034808691591024, 'b': 6.199734343681484e-05, 'c': 0.9990814924240112, 'd': 0.0006261510425247252}",0.9990814924240112,a,,d
C1_67_UA_I,C1_67,193,1,unambiguous,ironic,b,She thought the spider was huge.,Qwen3.8-27B,Condition1B_context_richness_stimuli,general,"You will read short stories that describe everyday situations and which finish with a person saying something. Your task is to decide, given the situation, what meaning the person is most likely conveying. Each story will be followed by 4 possible meaning interpretations listed from a to d. Read each story and choose the number corresponding to the most likely meaning. You can only answer with a, b, c, or d.
Context: She spotted a enormous spider.
Target utterance: She said: """"Almost didn't see it.""""
What meaning is She most likely conveying?
a. She thought the spider was tiny.
b. She thought the spider was huge.
c. She went to see her doctor on Monday.
d. She drew a spider diagram to plan her essay.
Answer:
","We need answer multiple choice. Need analyze. Context: ""She spotted a enormous spider."" Target: ""Almost didn't see it."" Options: a tiny, b huge, c doctor, d diagram. Need choose most likely meaning. If she spotted an enormous spider and says almost didn't see it, likely she thought it was huge? Wait ""almost didn't see it"" could imply it was hard to see, maybe tiny? But context says enormous spider. The utterance ""Almost didn't see it"" after spotting enormous spider: maybe she means it was so big she almost didn't see it? That doesn't make sense; if enormous, easy to see. But maybe ""almost didn't see it"" means it was tiny? However","['a', 'b', 'c', 'd']",1,UA_I,"{'a': 19.875, 'b': 19.875, 'c': 17.125, 'd': 17.5}","{'a': 0.46361926198005676, 'b': 0.46361926198005676, 'c': 0.02963818609714508, 'd': 0.043123312294483185}",0.46361926198005676,a,,a
C1_68_UA_NI,C1_68,34,1,unambiguous,non-ironic,b,I thought the dog was huge.,Qwen3.8-27B,Condition1B_context_richness_stimuli,general,"You will read short stories that describe everyday situations and which finish with a person saying something. Your task is to decide, given the situation, what meaning the person is most likely conveying. Each story will be followed by 4 possible meaning interpretations listed from a to d. Read each story and choose the number corresponding to the most likely meaning. You can only answer with a, b, c, or d.
Context: I met an enormous dog.
Target utterance: I said: """"He could swallow me whole.""""
What meaning is I most likely conveying?
a. I swallowed a pill.
b. I thought the dog was huge.
c. The dog wore a collar.
d. I thought the dog was small.
Answer:
","We need answer multiple choice. Need choose b. Need final only a/b/c/d likely. Ensure no extra.
</think>

b","['c', 'a', 'd', 'b']",1,UA_NI,"{'a': 12.25, 'b': 21.25, 'c': 12.8125, 'd': 13.0}","{'a': 0.00012333564518485218, 'b': 0.9993990659713745, 'c': 0.0002164608013117686, 'd': 0.00026110158069059253}",0.9993990659713745,b,,a
C1_69_A_I,C1_69,88,1,ambiguous,ironic,d,The pool was super warm.,Qwen3.8-27B,Condition1B_context_richness_stimuli,general,"You will read short stories that describe everyday situations and which finish with a person saying something. Your task is to decide, given the situation, what meaning the person is most likely conveying. Each story will be followed by 4 possible meaning interpretations listed from a to d. Read each story and choose the number corresponding to the most likely meaning. You can only answer with a, b, c, or d.
Context: She jumped into a warm pool.
Target utterance: She said:  """"One could catch a cold in here.""""
What meaning is She most likely conveying?
a. She liked to chill on that sofa after work.
b. The pool was super cold.
c. She played a game of pool in the bar.
d. The pool was super warm.
Answer:
","We need answer multiple choice. Need analyze. Context: She jumped into a warm pool. Target: She said: ""One could catch a cold in here."" Options: a liked chill on sofa after work, b pool super cold, c played game of pool in bar, d pool super warm. Need choose most likely meaning. The utterance ""One could catch a cold in here"" usually means it's cold. But context says warm pool. Could be ironic? She jumped into a warm pool, then says one could catch a cold in here. If pool is warm, saying catch a cold is contradictory, maybe she means it's warm? Let's think. The task likely from disambiguation of idioms? ""catch a cold","['c', 'a', 'd', 'b']",1,A_I,"{'a': 17.25, 'b': 20.875, 'c': 18.75, 'd': 20.875}","{'a': 0.012417558580636978, 'b': 0.4659654498100281, 'c': 0.05565163865685463, 'd': 0.4659654498100281}",0.4659654498100281,a,,c
C1_70_A_NI,C1_70,160,1,ambiguous,non-ironic,b,The weather conditions were perfect.,Qwen3.8-27B,Condition1B_context_richness_stimuli,general,"You will read short stories that describe everyday situations and which finish with a person saying something. Your task is to decide, given the situation, what meaning the person is most likely conveying. Each story will be followed by 4 possible meaning interpretations listed from a to d. Read each story and choose the number corresponding to the most likely meaning. You can only answer with a, b, c, or d.
Context: He went to the beach, and the weather was warm.
Target utterance: He said: """"Couldn't have asked for better weather.""""
What meaning is he most likely conveying?
a. The weather conditions were awful.
b. The weather conditions were perfect.
c. He meant to harvest the houseplants, but forgot about it.
d. The delivery driver arrived in heavy rain.
Answer:
","We need answer user's multiple choice. Need produce final only a/b/c/d. Context: beach warm weather. Utterance: ""Couldn't have asked for better weather."" Means perfect weather. Option b. Need final just b.
</think>

b","['b', 'a', 'd', 'c']",1,A_NI,"{'a': 12.5625, 'b': 21.0, 'c': 13.75, 'd': 13.5625}","{'a': 0.0002162632008548826, 'b': 0.9984867572784424, 'c': 0.0007090996950864792, 'd': 0.000587864313274622}",0.9984867572784424,a,,b
C1_71_UA_I,C1_71,154,1,unambiguous,ironic,d,The room was really warm.,Qwen3.8-27B,Condition1B_context_richness_stimuli,general,"You will read short stories that describe everyday situations and which finish with a person saying something. Your task is to decide, given the situation, what meaning the person is most likely conveying. Each story will be followed by 4 possible meaning interpretations listed from a to d. Read each story and choose the number corresponding to the most likely meaning. You can only answer with a, b, c, or d.
Context: I walked into a hot room. 
Target utterance: I said:  """"Feels like the North Pole in here.""""
What meaning is I most likely conveying?
a. I leaned the fishing pole against the wall.
b. There wasn't enough room in the car for everyone.
c. The room was freezing cold.
d. The room was really warm.
Answer:
","We need answer multiple choice. Need analyze. Context: I walked into a hot room. Target utterance: ""Feels like the North Pole in here."" North Pole is cold/freezing. But room is hot. This is likely sarcasm/irony: saying feels like North Pole when hot means it's really warm/hot? Wait if room is hot, saying feels like North Pole is opposite, likely sarcastic meaning it's very hot? Let's inspect options: a fishing pole irrelevant, b car room irrelevant, c room freezing cold, d room really warm. Given context hot room, utterance says North Pole (cold). Most likely conveying? If literal, c. But situation says hot room, so person likely being sarcastic:","['c', 'd', 'a', 'b']",1,UA_I,"{'a': 15.625, 'b': 14.9375, 'c': 17.5, 'd': 22.625}","{'a': 0.0009052585810422897, 'b': 0.0004551926103886217, 'c': 0.005903027486056089, 'd': 0.9927365779876709}",0.9927365779876709,a,,c
C1_72_UA_NI,C1_72,5,1,unambiguous,non-ironic,d,Her coffee was delicious.,Qwen3.8-27B,Condition1B_context_richness_stimuli,general,"You will read short stories that describe everyday situations and which finish with a person saying something. Your task is to decide, given the situation, what meaning the person is most likely conveying. Each story will be followed by 4 possible meaning interpretations listed from a to d. Read each story and choose the number corresponding to the most likely meaning. You can only answer with a, b, c, or d.
Context: She took a sip of the hot coffee.
Target utterance: She said: """"This is what freshly made coffee tastes like.""""
What meaning is she most likely conveying?
a. She did an experiment in health science.
b. Her coffee tasted like fresh mint.
c. Her coffee did not taste good.
d. Her coffee was delicious.
Answer:
","We need answer multiple choice. Need analyze. Context: She took a sip of hot coffee. Target: ""This is what freshly made coffee tastes like."" What meaning most likely conveying? Options: a experiment health science, b tasted like fresh mint, c did not taste good, d delicious. The phrase likely means it tastes like freshly made coffee, i.e., good/delicious? Could be sarcastic? Everyday situation. She took sip hot coffee, says this is what freshly made coffee tastes like. Most likely conveying her coffee was delicious. Answer d. Need output only a,b,c,d. Ensure final just d.
</think>

d","['d', 'c', 'b', 'a']",1,UA_NI,"{'a': 12.4375, 'b': 11.6875, 'c': 14.8125, 'd': 20.875}","{'a': 0.00021601903426926583, 'b': 0.00010204016871284693, 'c': 0.002322423504665494, 'd': 0.9973594546318054}",0.9973594546318054,a,,d
